-0.0734841090750385 -0.1556802743080655 -1.2112961506388342 -0.0780448890379192 0.0003939819888122975 0.004922035080314606 
-0.07348410916788287 -0.15568027448298966 -1.2112961504498247 -0.07804488902533628 0.00039398198735990375 0.004922035086255053 
-0.07348410921313843 -0.15568027455332561 -1.2112961503563533 -0.07804488901911544 0.0003939819867169181 0.004922035089213041 
-0.0734841092335824 -0.15568027457140765 -1.2112961503159594 -0.07804488901643303 0.0003939819864189342 0.004922035090514487 
-0.07348410923996632 -0.1556802745950091 -1.2112961503065223 -0.0780448890157854 0.0003939819862869287 0.004922035090914077 
-0.07348410923610002 -0.15568027458902972 -1.2112961502806812 -0.07804488901408174 0.000393981986220808 0.004922035090665302 
-0.07348410924337037 -0.15568027459276307 -1.2112961502660968 -0.07804488901312612 0.0003939819861891111 0.004922035091126859 
-0.07348410923916848 -0.15568027460020484 -1.2112961502883108 -0.07804488901457732 0.0003939819861940308 0.00492203509085436 
-0.07348410924522203 -0.15568027459318612 -1.211296150241111 -0.07804488901150257 0.00039398198619480795 0.00492203509122067 
-0.07348410924639262 -0.15568027459602263 -1.2112961502720694 -0.07804488901351392 0.0003939819861788693 0.0049220350913178265 
-0.07348410924802881 -0.1556802745860148 -1.2112961502606727 -0.0780448890127741 0.0003939819861874666 0.004922035091441238 
-0.07348410924415527 -0.15568027459761247 -1.2112961502646271 -0.07804488901302561 0.0003939819861861066 0.0049220350911704834 
-0.07348410923567966 -0.15568027458136627 -1.2112961502748487 -0.07804488901369508 0.00039398198618881275 0.004922035090591116 
-0.07348410924142972 -0.15568027459296016 -1.2112961502772657 -0.07804488901385231 0.0003939819861759203 0.004922035090991105 
-0.07348410924045659 -0.15568027459209893 -1.2112961502592712 -0.07804488901268895 0.00039398198617860564 0.004922035090929644 
-0.073484109239981 -0.15568027458563669 -1.211296150268011 -0.07804488901325847 0.00039398198618379593 0.0049220350908952175 
-0.07348410924316436 -0.1556802745979038 -1.2112961502709854 -0.07804488901344632 0.00039398198618629393 0.004922035091102966 
-0.07348410924270689 -0.1556802745893263 -1.2112961502736987 -0.07804488901361864 0.00039398198618772334 0.0049220350910745714 
-0.07348410923593787 -0.15568027458611167 -1.211296150267705 -0.07804488901322645 0.00039398198618121466 0.004922035090599828 
-0.07348410923412016 -0.15568027459325548 -1.211296150269943 -0.07804488901337411 0.00039398198617406066 0.0049220350905036184 
-0.07348410924124148 -0.1556802745733924 -1.2112961502658575 -0.07804488901310262 0.0003939819861811175 0.004922035090982378 
-0.07348410924222984 -0.15568027457865266 -1.211296150268867 -0.078044889013312 0.0003939819861746713 0.004922035091039458 
-0.07348410924076579 -0.15568027458695483 -1.211296150269416 -0.07804488901334038 0.00039398198618522534 0.00492203509094765 
-0.07348410923999837 -0.15568027459388575 -1.2112961502726123 -0.078044889013548 0.0003939819861822208 0.004922035090881703 
-0.0734841092435237 -0.1556802745962444 -1.2112961503036497 -0.07804488901556736 0.00039398198618940256 0.0049220350911272906 
-0.07348410923608083 -0.15568027459006664 -1.2112961502761515 -0.07804488901378472 0.00039398198617375535 0.004922035090612452 
-0.07348410924360255 -0.15568027459762346 -1.2112961502722994 -0.07804488901352599 0.0003939819861791677 0.00492203509113462 
-0.07348410924768468 -0.15568027458942701 -1.211296150271861 -0.07804488901350304 0.00039398198617925095 0.004922035091410501 
-0.07348410924224842 -0.1556802745899335 -1.2112961502683997 -0.07804488901326989 0.00039398198618417063 0.004922035091066447 
-0.07348410924630161 -0.15568027458357275 -1.2112961502813664 -0.07804488901411287 0.000393981986191394 0.004922035091302606 
-0.07348410924655815 -0.15568027457816966 -1.2112961502749866 -0.07804488901370799 0.00039398198618655067 0.004922035091328556 
-0.07348410924922366 -0.15568027457772607 -1.2112961502821842 -0.07804488901416078 0.0003939819861747129 0.004922035091506591 
-0.07348410924757953 -0.15568027459070172 -1.2112961502753963 -0.07804488901372707 0.000393981986176975 0.0049220350914038966 
-0.07348410924114063 -0.15568027458962072 -1.21129615025796 -0.07804488901259306 0.00039398198617503905 0.004922035090945646 
-0.07348410924091645 -0.15568027458659708 -1.211296150261265 -0.07804488901281484 0.0003939819861860927 0.004922035090951649 
-0.07348410923823574 -0.15568027460122413 -1.211296150258887 -0.07804488901265344 0.00039398198618474656 0.004922035090767321 
-0.0734841092393927 -0.15568027458290812 -1.2112961502623902 -0.07804488901288825 0.00039398198619027686 0.004922035090831544 
-0.07348410924771373 -0.1556802745852272 -1.2112961502569346 -0.0780448890125372 0.0003939819861830188 0.004922035091405931 
-0.07348410924169543 -0.15568027460098086 -1.2112961502691046 -0.07804488901332284 0.00039398198618558616 0.004922035090994607 
-0.07348410924418633 -0.15568027460174044 -1.2112961502714659 -0.07804488901347818 0.00039398198617332514 0.004922035091175436 
-0.07348410924354724 -0.15568027459257439 -1.2112961502710902 -0.07804488901345245 0.00039398198618715435 0.004922035091116106 
-0.07348410924256613 -0.15568027459569744 -1.2112961502766864 -0.07804488901381278 0.00039398198618804947 0.0049220350910585495 
-0.07348410923842005 -0.15568027458363703 -1.211296150262743 -0.0780448890129006 0.00039398198619373936 0.004922035090778548 
-0.07348410924407855 -0.1556802745859699 -1.211296150266413 -0.07804488901314593 0.00039398198618053465 0.004922035091171599 
-0.07348410924098189 -0.15568027459199377 -1.2112961502859094 -0.07804488901441849 0.0003939819861732141 0.004922035090961262 
-0.07348410924205814 -0.15568027458361788 -1.2112961502940607 -0.07804488901494352 0.0003939819861697169 0.004922035091023902 
-0.07348410924083934 -0.15568027459604825 -1.211296150265243 -0.07804488901307564 0.00039398198618631475 0.0049220350909442 
-0.07348410924042363 -0.15568027461043202 -1.2112961502754986 -0.07804488901373852 0.0003939819861896454 0.004922035090917154 
-0.07348410923714208 -0.1556802745967075 -1.2112961502747799 -0.07804488901369117 0.00039398198618251917 0.004922035090689709 
-0.0734841092411731 -0.15568027458952383 -1.2112961502720316 -0.07804488901350179 0.0003939819861779881 0.004922035090952322 
-0.07348410924201362 -0.15568027458819372 -1.211296150279576 -0.07804488901401674 0.00039398198618246366 0.004922035091019173 
-0.07348410924392076 -0.1556802745916269 -1.2112961502879371 -0.0780448890145522 0.0003939819861808122 0.004922035091155746 
-0.07348410924130208 -0.15568027459717249 -1.211296150266044 -0.07804488901311073 0.00039398198617703745 0.0049220350909752394 
-0.07348410923834722 -0.15568027460243783 -1.2112961502593214 -0.07804488901268467 0.00039398198618709884 0.004922035090783403 
-0.07348410924349993 -0.15568027459825623 -1.2112961502815782 -0.07804488901413277 0.00039398198618467023 0.00492203509110689 
-0.07348410923379112 -0.15568027458487832 -1.211296150272947 -0.07804488901357601 0.0003939819861731239 0.004922035090463089 
-0.073484109236056 -0.15568027459318173 -1.211296150287129 -0.078044889014495 0.0003939819861801877 0.004922035090608956 
-0.0734841092438622 -0.15568027459402786 -1.2112961502693458 -0.07804488901333903 0.00039398198618435104 0.004922035091153723 
-0.07348410924290845 -0.15568027458607572 -1.2112961502644222 -0.07804488901300834 0.0003939819861843927 0.004922035091075734 
-0.07348410924620624 -0.1556802745969251 -1.2112961502915225 -0.07804488901477602 0.00039398198619380875 0.004922035091306219 
-0.07348410924343762 -0.15568027458625533 -1.2112961502899449 -0.07804488901467521 0.00039398198618310204 0.004922035091113931 
-0.07348410924104282 -0.1556802745829831 -1.2112961502823558 -0.07804488901418 0.0003939819861731794 0.0049220350909656065 
-0.0734841092445634 -0.15568027459062653 -1.2112961502645518 -0.07804488901303192 0.0003939819861763158 0.004922035091202592 
-0.07348410925038892 -0.1556802746011621 -1.2112961502593294 -0.07804488901269149 0.000393981986173679 0.004922035091581875 
-0.07348410924520708 -0.15568027458001835 -1.2112961502615327 -0.07804488901283052 0.00039398198618421226 0.004922035091242091 
-0.07348410924013629 -0.15568027459203418 -1.2112961502822304 -0.07804488901417153 0.00039398198618522534 0.004922035090897149 
-0.07348410923520884 -0.15568027458841832 -1.2112961502557908 -0.07804488901245846 0.00039398198618631475 0.004922035090585478 
-0.0734841092400795 -0.15568027459292033 -1.2112961502634314 -0.07804488901294349 0.0003939819861836155 0.004922035090884119 
-0.07348410924215304 -0.15568027459317604 -1.2112961502870037 -0.07804488901448511 0.00039398198618549596 0.004922035091033807 
-0.07348410923829506 -0.15568027458938588 -1.2112961502812631 -0.07804488901411334 0.0003939819861799587 0.00492203509076756 
-0.0734841092378038 -0.15568027459921518 -1.2112961502803408 -0.07804488901404774 0.0003939819861829008 0.004922035090748788 
-0.07348410923846543 -0.15568027459588596 -1.211296150272848 -0.07804488901356517 0.00039398198618381675 0.004922035090763315 
-0.073484109242895 -0.15568027458542563 -1.211296150278807 -0.07804488901395269 0.00039398198619099156 0.004922035091059302 
-0.07348410924558796 -0.15568027459005776 -1.211296150268704 -0.07804488901330245 0.0003939819861763852 0.0049220350912639365 
-0.07348410924417863 -0.15568027458506545 -1.2112961502866821 -0.0780448890144638 0.00039398198618715435 0.004922035091167462 
-0.07348410924257982 -0.15568027458279518 -1.2112961502687063 -0.07804488901328877 0.0003939819861725133 0.004922035091062015 
-0.07348410923832972 -0.1556802745883099 -1.2112961502742263 -0.0780448890136485 0.0003939819861851074 0.004922035090791025 
-0.07348410924152944 -0.1556802745978481 -1.2112961502900927 -0.07804488901468112 0.00039398198619234465 0.004922035090989615 
-0.07348410924040659 -0.15568027459280012 -1.2112961502618238 -0.07804488901285231 0.0003939819861854474 0.004922035090933306 
-0.0734841092362058 -0.1556802745919072 -1.2112961502714525 -0.07804488901347639 0.00039398198617465047 0.004922035090632057 
-0.07348410924445309 -0.1556802745782573 -1.211296150257826 -0.07804488901259776 0.00039398198617775215 0.004922035091190085 
-0.07348410924447965 -0.1556802745895839 -1.2112961502721775 -0.07804488901352469 0.00039398198617327657 0.004922035091198904 
-0.07348410924209026 -0.15568027459383746 -1.2112961502551596 -0.07804488901241677 0.00039398198618825764 0.004922035091024882 
-0.0734841092360212 -0.15568027459913744 -1.211296150266121 -0.0780448890131217 0.00039398198618481595 0.004922035090619421 
-0.07348410924122134 -0.15568027457695766 -1.2112961502646367 -0.07804488901302506 0.00039398198618754293 0.004922035090971183 
-0.07348410924325505 -0.15568027458323813 -1.2112961502706394 -0.07804488901342047 0.000393981986176864 0.004922035091122091 
-0.07348410924393063 -0.15568027459648662 -1.2112961502623958 -0.07804488901288154 0.0003939819861779187 0.00492203509113999 
-0.07348410924460608 -0.155680274598674 -1.2112961502700375 -0.07804488901337878 0.00039398198618280367 0.004922035091195848 
-0.07348410923288407 -0.1556802745826918 -1.2112961502617485 -0.0780448890128462 0.0003939819861843441 0.0049220350904074835 
-0.0734841092415265 -0.1556802745910931 -1.2112961502833481 -0.07804488901425985 0.00039398198618691843 0.004922035090998516 
-0.07348410923941229 -0.1556802745864657 -1.2112961502844728 -0.07804488901432144 0.0003939819861862176 0.004922035090844862 
-0.07348410924166646 -0.1556802746045114 -1.2112961502815742 -0.0780448890141289 0.0003939819861731933 0.0049220350909866565 
-0.07348410923702395 -0.15568027459229275 -1.2112961502930788 -0.07804488901487941 0.00039398198618406655 0.004922035090702996 
-0.07348410924789758 -0.15568027458305836 -1.2112961502765458 -0.07804488901380624 0.0003939819861863911 0.004922035091430592 
-0.07348410923935159 -0.15568027458656566 -1.211296150283355 -0.07804488901425059 0.0003939819861837543 0.004922035090840816 
-0.07348410923910692 -0.1556802745940789 -1.2112961502858162 -0.07804488901441259 0.0003939819861878899 0.004922035090852522 
-0.07348410923789789 -0.15568027459992229 -1.211296150277327 -0.07804488901386097 0.0003939819861832547 0.004922035090746693 
-0.0734841092384057 -0.15568027459030076 -1.2112961502802548 -0.07804488901403825 0.0003939819861848645 0.004922035090781193 
-0.07348410924733294 -0.15568027459365558 -1.2112961502709387 -0.0780448890134425 0.00039398198618180447 0.004922035091381338 
-0.07348410924092408 -0.1556802745957697 -1.2112961502810506 -0.07804488901410629 0.00039398198617962565 0.004922035090951021 
-0.07348410924039236 -0.15568027459379397 -1.2112961502715045 -0.07804488901347346 0.00039398198618631475 0.004922035090935067 
-0.07348410923968524 -0.15568027459294004 -1.211296150271214 -0.07804488901345673 0.00039398198618528085 0.004922035090884809 
-0.0734841092384841 -0.15568027458293127 -1.2112961502859259 -0.07804488901441187 0.0003939819861833102 0.004922035090791386 
-0.07348410924333473 -0.155680274587563 -1.211296150273452 -0.07804488901359727 0.00039398198617701663 0.0049220350911031606 
-0.07348410924880408 -0.15568027459827263 -1.211296150284411 -0.07804488901432902 0.000393981986185489 0.004922035091504846 
-0.07348410924456325 -0.1556802745842123 -1.2112961502763435 -0.07804488901379239 0.00039398198617851543 0.004922035091207722 
-0.07348410924080845 -0.15568027458946004 -1.2112961502571067 -0.07804488901253842 0.00039398198619518265 0.0049220350909532145 
-0.07348410924833511 -0.15568027459843528 -1.2112961502829673 -0.07804488901422224 0.0003939819861846147 0.004922035091450307 
-0.07348410923926937 -0.15568027459139192 -1.2112961502445139 -0.07804488901172316 0.0003939819861841082 0.004922035090842472 
-0.07348410924349047 -0.15568027458960748 -1.2112961502804316 -0.07804488901405902 0.0003939819861826302 0.0049220350911385515 
-0.07348410924666161 -0.15568027458874345 -1.2112961502777915 -0.07804488901388212 0.000393981986179584 0.004922035091342498 
-0.07348410925202542 -0.1556802745891773 -1.211296150261607 -0.07804488901283521 0.0003939819861771138 0.004922035091708937 
-0.07348410923869847 -0.15568027458636724 -1.2112961502748927 -0.07804488901369497 0.00039398198618215835 0.004922035090814972 
-0.07348410923875323 -0.15568027458655426 -1.2112961502827109 -0.07804488901420419 0.0003939819861919769 0.004922035090798648 
-0.07348410924145857 -0.15568027458604813 -1.2112961502758024 -0.07804488901376536 0.00039398198618429553 0.004922035090962843 
-0.07348410924486459 -0.15568027457597744 -1.211296150270643 -0.07804488901341494 0.00039398198617437985 0.004922035091216867 
-0.07348410924865034 -0.15568027459397377 -1.2112961502766508 -0.07804488901381346 0.0003939819861771207 0.004922035091467932 
-0.0734841092451484 -0.1556802745920642 -1.211296150258724 -0.07804488901264744 0.0003939819861817559 0.004922035091242867 
-0.07348410923748658 -0.15568027460418518 -1.2112961502556732 -0.07804488901243754 0.0003939819861855168 0.004922035090711753 
-0.07348410924205402 -0.15568027459104639 -1.2112961502744886 -0.07804488901366621 0.00039398198619190056 0.004922035091030232 
-0.07348410924162414 -0.1556802745908338 -1.211296150268343 -0.07804488901327457 0.00039398198618697394 0.0049220350909880625 
-0.07348410924104373 -0.15568027459544084 -1.2112961502755772 -0.0780448890137396 0.00039398198617643376 0.004922035090975761 
-0.0734841092367926 -0.15568027459327832 -1.2112961502667408 -0.07804488901316337 0.000393981986181971 0.004922035090674874 
-0.07348410924388242 -0.1556802745819741 -1.2112961502660786 -0.07804488901312209 0.000393981986180153 0.004922035091158666 
-0.07348410924116183 -0.15568027459489367 -1.2112961502642363 -0.07804488901299798 0.00039398198618792457 0.004922035090977466 
-0.0734841092370726 -0.15568027459981731 -1.2112961502767403 -0.07804488901382446 0.0003939819861874874 0.004922035090698937 
-0.07348410924229004 -0.15568027459322595 -1.211296150281837 -0.07804488901414376 0.0003939819861909638 0.004922035091052171 
-0.07348410924322815 -0.15568027459309133 -1.2112961502826844 -0.07804488901419976 0.000393981986175615 0.004922035091121034 
-0.07348410924276982 -0.15568027458880218 -1.2112961502735045 -0.078044889013604 0.00039398198618001423 0.0049220350910770105 
-0.07348410924948875 -0.15568027458766698 -1.211296150275544 -0.07804488901375113 0.0003939819861784599 0.00492203509154974 
-0.07348410924292478 -0.15568027458713354 -1.2112961502833512 -0.07804488901425662 0.0003939819861937949 0.00492203509108721 
-0.07348410924868468 -0.15568027459227352 -1.21129615027211 -0.07804488901352202 0.0003939819861809163 0.004922035091468962 
-0.07348410924142239 -0.155680274589901 -1.2112961502673236 -0.07804488901319918 0.0003939819861890209 0.004922035090984153 
-0.07348410924031057 -0.15568027459539574 -1.211296150278606 -0.07804488901393897 0.0003939819861817906 0.00492203509090399 
-0.07348410924775725 -0.15568027459520006 -1.2112961502731112 -0.07804488901358506 0.0003939819861872376 0.004922035091416364 
-0.07348410924887833 -0.15568027459089728 -1.2112961502624346 -0.0780448890128905 0.0003939819861810967 0.00492203509145756 
-0.07348410923303278 -0.1556802746106692 -1.2112961502631525 -0.07804488901293649 0.00039398198619484265 0.004922035090419241 
-0.07348410923940374 -0.15568027459414768 -1.211296150279134 -0.07804488901397702 0.0003939819861888613 0.004922035090837312 
-0.07348410923997332 -0.15568027458752642 -1.2112961502919006 -0.07804488901481621 0.00039398198618995767 0.004922035090870816 
-0.07348410923735955 -0.15568027459226738 -1.2112961503023623 -0.0780448890154867 0.00039398198617211083 0.004922035090725693 
-0.07348410924353577 -0.15568027459885087 -1.211296150267097 -0.07804488901318704 0.0003939819861849686 0.00492203509113232 
-0.07348410924597151 -0.15568027459007663 -1.2112961502749018 -0.07804488901369128 0.0003939819861873417 0.004922035091317086 
-0.07348410923864612 -0.15568027460057438 -1.2112961502757371 -0.07804488901375059 0.0003939819861907626 0.004922035090804822 
-0.07348410924402629 -0.15568027458368686 -1.2112961502757162 -0.07804488901375306 0.00039398198618356 0.004922035091149059 
-0.07348410924119644 -0.15568027459135494 -1.211296150283202 -0.0780448890142299 0.00039398198618287306 0.004922035090978487 
-0.07348410923988917 -0.15568027459399697 -1.2112961502653548 -0.07804488901308348 0.00039398198617603825 0.004922035090885348 
-0.07348410924117423 -0.1556802745844647 -1.211296150283634 -0.0780448890142674 0.00039398198618381675 0.004922035090962602 
-0.07348410923720475 -0.15568027458726946 -1.2112961502790571 -0.07804488901395923 0.0003939819861810828 0.004922035090719261 
-0.07348410923417054 -0.15568027459526107 -1.2112961502656607 -0.0780448890130924 0.0003939819861862384 0.00492203509050711 
-0.07348410924113771 -0.1556802745979092 -1.2112961502730335 -0.07804488901357656 0.00039398198618690455 0.004922035090941971 
-0.07348410924397797 -0.15568027458409595 -1.211296150270503 -0.07804488901341453 0.00039398198619027686 0.004922035091144281 
-0.0734841092493032 -0.15568027458999928 -1.2112961503001518 -0.07804488901534243 0.0003939819861790081 0.00492203509149422 
-0.0734841092510343 -0.15568027458091396 -1.2112961502880457 -0.07804488901455872 0.0003939819861769195 0.004922035091618532 
-0.07348410924155782 -0.15568027459099507 -1.2112961502686135 -0.07804488901329602 0.0003939819861737137 0.004922035091013796 
-0.07348410923959978 -0.15568027459464262 -1.2112961502727626 -0.07804488901355545 0.00039398198618471186 0.0049220350908672685 
-0.07348410924657302 -0.1556802745876067 -1.2112961502750603 -0.07804488901371068 0.0003939819861835253 0.004922035091341981 
-0.07348410924153488 -0.15568027458998046 -1.2112961502707726 -0.07804488901343068 0.0003939819861896385 0.004922035091016857 
-0.07348410924510497 -0.15568027458828704 -1.2112961502834607 -0.0780448890142505 0.00039398198617689173 0.004922035091233384 
-0.07348410924367851 -0.15568027459146153 -1.2112961502718969 -0.07804488901350673 0.00039398198618131874 0.004922035091131229 
-0.0734841092497789 -0.15568027458807737 -1.211296150285758 -0.07804488901441238 0.0003939819861812008 0.00492203509154337 
-0.07348410923806198 -0.15568027460291545 -1.2112961502570063 -0.07804488901253448 0.00039398198618469105 0.004922035090767742 
-0.07348410924325025 -0.15568027458997363 -1.2112961502747288 -0.07804488901368718 0.00039398198617960484 0.0049220350910981 
-0.07348410924033973 -0.15568027459905034 -1.2112961502719288 -0.07804488901350323 0.0003939819861826302 0.004922035090919127 
-0.07348410924505591 -0.15568027458827915 -1.2112961502821236 -0.07804488901416556 0.0003939819861753374 0.004922035091231563 
-0.07348410924441447 -0.1556802745933662 -1.2112961502748696 -0.07804488901369619 0.0003939819861855584 0.004922035091197834 
-0.07348410924950532 -0.15568027458266093 -1.2112961502551651 -0.07804488901242031 0.00039398198617801583 0.004922035091531387 
-0.07348410923761345 -0.15568027459995865 -1.2112961502745594 -0.07804488901367823 0.00039398198617921626 0.004922035090717834 
-0.07348410924644044 -0.1556802745840733 -1.211296150255905 -0.0780448890124685 0.0003939819861818461 0.00492203509132503 
-0.0734841092444257 -0.15568027459323552 -1.2112961502744861 -0.07804488901366508 0.00039398198618833397 0.004922035091195863 
-0.07348410923797102 -0.15568027458761868 -1.2112961502778148 -0.07804488901389225 0.00039398198617612845 0.004922035090738919 
-0.07348410924250069 -0.1556802745791902 -1.2112961502736597 -0.07804488901361276 0.000393981986179924 0.004922035091083682 
-0.07348410924340579 -0.1556802745948428 -1.2112961502890771 -0.07804488901461978 0.0003939819861847743 0.004922035091092016 
-0.07348410923935057 -0.155680274605716 -1.2112961502755692 -0.07804488901373957 0.0003939819861951063 0.004922035090852813 
-0.07348410924368204 -0.15568027459356454 -1.211296150287112 -0.07804488901449669 0.00039398198619491204 0.004922035091140385 
-0.07348410923714241 -0.15568027460247358 -1.211296150272408 -0.07804488901353808 0.0003939819861859123 0.004922035090695992 
-0.07348410924265214 -0.15568027458295558 -1.2112961502743453 -0.07804488901365698 0.00039398198617977137 0.004922035091087482 
-0.07348410923966825 -0.1556802745965438 -1.2112961502770103 -0.07804488901383416 0.00039398198617750235 0.004922035090870606 
-0.07348410924611745 -0.15568027459408476 -1.2112961502762376 -0.07804488901378534 0.0003939819861821306 0.004922035091338172 
-0.0734841092411555 -0.15568027459107625 -1.2112961502842996 -0.0780448890142992 0.00039398198618451064 0.0049220350909702 
-0.07348410924245699 -0.1556802745920762 -1.2112961502753614 -0.07804488901372383 0.0003939819861792024 0.0049220350910532396 
-0.0734841092388985 -0.15568027458046602 -1.2112961502523656 -0.07804488901224252 0.0003939819861817767 0.004922035090812859 
-0.07348410923854345 -0.1556802745851678 -1.2112961502678967 -0.07804488901324422 0.00039398198618351143 0.0049220350907815645 
-0.07348410924145754 -0.15568027458580522 -1.211296150277112 -0.07804488901384382 0.00039398198617502517 0.004922035090987206 
-0.07348410924784349 -0.15568027458940867 -1.2112961502678772 -0.07804488901324817 0.00039398198618659924 0.00492203509144017 
-0.07348410924148348 -0.15568027460735107 -1.2112961502583048 -0.0780448890126112 0.0003939819861847882 0.00492203509102792 
-0.07348410924031833 -0.15568027458851158 -1.2112961502758433 -0.07804488901375875 0.00039398198618260244 0.004922035090897111 
-0.07348410925028134 -0.15568027458964714 -1.2112961503111463 -0.07804488901605797 0.0003939819861882368 0.004922035091574392 
-0.07348410924162858 -0.1556802745971913 -1.211296150268729 -0.07804488901328993 0.00039398198617275615 0.004922035090993144 
-0.073484109243072 -0.15568027458908365 -1.2112961502747916 -0.07804488901369136 0.000393981986182651 0.004922035091086573 
-0.0734841092474542 -0.15568027459769668 -1.2112961502528512 -0.07804488901227224 0.0003939819861782934 0.0049220350914184145 
-0.07348410923645501 -0.1556802746015301 -1.2112961502646176 -0.07804488901302768 0.00039398198618062485 0.004922035090631496 
-0.07348410923820137 -0.15568027458794037 -1.2112961502808597 -0.07804488901407969 0.00039398198619432223 0.004922035090773799 
-0.0734841092396315 -0.1556802745842492 -1.2112961502847739 -0.07804488901433952 0.00039398198619707697 0.004922035090855753 
-0.07348410924287055 -0.15568027460457545 -1.2112961502811574 -0.07804488901410134 0.0003939819861741925 0.004922035091065518 
-0.07348410924381679 -0.1556802745923896 -1.2112961502800343 -0.07804488901403597 0.0003939819861861968 0.004922035091155701 
-0.07348410924726054 -0.1556802745878168 -1.2112961502838395 -0.07804488901428207 0.0003939819861839347 0.004922035091382011 
-0.07348410924636462 -0.15568027459734535 -1.21129615027342 -0.07804488901359576 0.0003939819861936214 0.004922035091306655 
-0.07348410924546818 -0.1556802745939503 -1.2112961502850816 -0.07804488901435788 0.00039398198618895847 0.004922035091261703 
-0.07348410923889218 -0.15568027459666697 -1.211296150282215 -0.07804488901416964 0.0003939819861893956 0.0049220350908294064 
-0.07348410924306555 -0.1556802745901886 -1.2112961502800965 -0.07804488901403159 0.0003939819861800628 0.004922035091086647 
-0.07348410924167642 -0.15568027458583833 -1.2112961502829849 -0.07804488901422162 0.0003939819861765795 0.004922035091019966 
-0.07348410924308219 -0.155680274590416 -1.2112961502588444 -0.07804488901266352 0.0003939819861749974 0.004922035091113134 
-0.07348410923896714 -0.15568027459355582 -1.2112961502900268 -0.07804488901467765 0.00039398198618804947 0.0049220350908261625 
-0.07348410923905327 -0.15568027458302705 -1.211296150279725 -0.07804488901401602 0.0003939819861859886 0.004922035090809496 
-0.07348410923703423 -0.15568027460153044 -1.2112961502559458 -0.07804488901246863 0.00039398198618674496 0.004922035090681304 
-0.07348410924705973 -0.1556802745940722 -1.2112961502686947 -0.07804488901329909 0.0003939819861793481 0.0049220350913541135 
-0.07348410923927881 -0.15568027458901226 -1.2112961502711257 -0.07804488901344481 0.0003939819861820751 0.004922035090854569 
-0.07348410924482265 -0.15568027458750136 -1.21129615028895 -0.07804488901461967 0.00039398198618060404 0.004922035091226038 
-0.07348410923602466 -0.15568027459480793 -1.2112961502626343 -0.07804488901289469 0.0003939819861836849 0.004922035090618699 
-0.07348410923602981 -0.15568027458753944 -1.2112961502648956 -0.07804488901304292 0.00039398198618322 0.004922035090629048 
-0.07348410924606831 -0.15568027458458933 -1.2112961502797677 -0.07804488901401423 0.0003939819861853641 0.004922035091315115 
-0.07348410924840987 -0.15568027459371447 -1.211296150256636 -0.07804488901250964 0.00039398198617628805 0.004922035091471169 
-0.0734841092499793 -0.15568027459076741 -1.2112961502637718 -0.0780448890129758 0.0003939819861829147 0.004922035091548172 
-0.07348410924806995 -0.15568027459797376 -1.211296150272538 -0.07804488901354761 0.0003939819861909083 0.004922035091445138 
-0.0734841092398162 -0.1556802745988817 -1.2112961502569288 -0.07804488901252682 0.00039398198618363633 0.004922035090878902 
-0.0734841092395194 -0.15568027458545525 -1.211296150276894 -0.07804488901383551 0.00039398198618688374 0.00492203509085582 
-0.07348410924021728 -0.15568027460378628 -1.2112961502767754 -0.07804488901382506 0.00039398198618616903 0.004922035090911575 
-0.07348410924331629 -0.1556802746065936 -1.211296150290269 -0.0780448890146967 0.00039398198618056934 0.004922035091102605 
-0.07348410924326693 -0.15568027458890976 -1.211296150309657 -0.07804488901596633 0.00039398198618081914 0.004922035091116173 
-0.07348410924750322 -0.15568027458223366 -1.2112961502790376 -0.07804488901397051 0.0003939819861825747 0.004922035091421334 
-0.07348410923848275 -0.15568027458743228 -1.2112961502724096 -0.07804488901353161 0.00039398198619031155 0.004922035090786827 
-0.07348410923723475 -0.15568027459532316 -1.2112961502743271 -0.07804488901365467 0.00039398198619150504 0.004922035090702487 
-0.0734841092456728 -0.1556802745756114 -1.211296150283772 -0.07804488901427109 0.00039398198618629393 0.0049220350912788586 
-0.07348410924245707 -0.1556802745800163 -1.211296150277764 -0.07804488901388082 0.0003939819861785432 0.004922035091059721 
-0.07348410924482587 -0.15568027459758105 -1.2112961502527346 -0.07804488901225466 0.0003939819861753721 0.004922035091215461 
-0.07348410924995875 -0.1556802745835095 -1.2112961502610293 -0.07804488901279721 0.0003939819861872723 0.004922035091568826 
-0.07348410924278125 -0.155680274602259 -1.2112961502685162 -0.07804488901327156 0.00039398198619091523 0.004922035091063349 
-0.07348410924385715 -0.1556802745914248 -1.2112961502765374 -0.07804488901380685 0.00039398198618104813 0.004922035091144592 
-0.07348410923944879 -0.1556802745925502 -1.2112961502516386 -0.07804488901218515 0.00039398198618875724 0.004922035090830793 
-0.07348410924581689 -0.1556802745985567 -1.2112961502699409 -0.0780448890133684 0.000393981986175497 0.004922035091275661 
-0.07348410924694294 -0.15568027458587022 -1.2112961502769022 -0.07804488901383878 0.00039398198618059016 0.004922035091348809 
-0.07348410924749696 -0.15568027459625905 -1.2112961502718118 -0.07804488901351081 0.00039398198617764113 0.0049220350913862804 
-0.07348410924164285 -0.15568027458933947 -1.2112961502649142 -0.07804488901305515 0.00039398198618967317 0.0049220350910070924 
-0.07348410924024076 -0.15568027458330302 -1.2112961502619424 -0.07804488901285803 0.0003939819861876817 0.004922035090915952 
-0.07348410924295803 -0.15568027457735903 -1.2112961502635984 -0.0780448890129678 0.00039398198618338653 0.004922035091080603 
-0.07348410924605056 -0.15568027458332376 -1.2112961502708446 -0.07804488901342543 0.00039398198618319225 0.004922035091286955 
-0.07348410924318262 -0.15568027459131517 -1.2112961502736344 -0.07804488901361281 0.0003939819861825608 0.00492203509111591 
-0.073484109244934 -0.15568027459622372 -1.2112961502818975 -0.07804488901416495 0.0003939819861820751 0.004922035091228078 
-0.0734841092417913 -0.1556802746004997 -1.211296150258313 -0.07804488901261641 0.00039398198619138014 0.0049220350910081315 
-0.07348410923983575 -0.15568027458482026 -1.2112961502957629 -0.07804488901505835 0.0003939819861822208 0.004922035090890947 
-0.07348410923983303 -0.15568027457721717 -1.2112961502669686 -0.07804488901318493 0.00039398198618149916 0.004922035090883431 
-0.07348410924245827 -0.15568027458593248 -1.211296150267005 -0.07804488901318317 0.00039398198617693336 0.00492203509105942 
-0.07348410924687337 -0.15568027457805195 -1.211296150267524 -0.07804488901320702 0.0003939819861849825 0.004922035091356354 
-0.07348410924560261 -0.1556802745870185 -1.211296150273765 -0.07804488901362246 0.0003939819861886462 0.004922035091267673 
-0.07348410924230762 -0.1556802746018405 -1.2112961502809636 -0.07804488901408474 0.00039398198619432917 0.004922035091038899 
-0.07348410923651374 -0.1556802745957771 -1.2112961502705355 -0.07804488901341337 0.0003939819861845384 0.004922035090661834 
-0.07348410923325302 -0.1556802745742083 -1.211296150279956 -0.078044889014028 0.0003939819861855168 0.0049220350904350466 
-0.07348410923902436 -0.15568027458617445 -1.2112961502798218 -0.07804488901401939 0.00039398198618412206 0.004922035090814938 
-0.07348410924446952 -0.1556802745825893 -1.2112961502723303 -0.07804488901352677 0.0003939819861801114 0.004922035091184766 
-0.07348410924546679 -0.15568027459333347 -1.211296150265675 -0.07804488901310233 0.0003939819861871266 0.004922035091275543 
-0.0734841092375414 -0.15568027460399392 -1.2112961502690425 -0.07804488901331796 0.00039398198619031155 0.00492203509073779 
-0.073484109225055 -0.1556802745967402 -1.2112961502980413 -0.07804488901519814 0.0003939819861843094 0.00492203508989905 
-0.07348410923941584 -0.15568027458705955 -1.211296150275817 -0.07804488901375632 0.00039398198618608576 0.00492203509085034 
-0.07348410923818928 -0.1556802745869308 -1.2112961502890696 -0.0780448890146192 0.0003939819861825053 0.004922035090756386 
-0.07348410923613877 -0.15568027457592892 -1.2112961502798614 -0.07804488901401238 0.00039398198617626723 0.004922035090617406 
-0.07348410924600735 -0.15568027458082476 -1.2112961502851696 -0.07804488901436278 0.00039398198618096486 0.004922035091302154 
-0.07348410924487773 -0.15568027459997125 -1.211296150264654 -0.07804488901302561 0.0003939819861929275 0.004922035091237346 
-0.07348410924373008 -0.15568027458131664 -1.2112961502693698 -0.07804488901333259 0.00039398198618684904 0.004922035091136499 
-0.07348410924128697 -0.15568027457357392 -1.2112961502916426 -0.07804488901479084 0.0003939819861890695 0.004922035090969369 
-0.07348410924164739 -0.15568027458952372 -1.2112961502905601 -0.07804488901471421 0.00039398198617651703 0.004922035091011653 
-0.07348410924645643 -0.1556802745810331 -1.2112961502557518 -0.0780448890124521 0.0003939819861802779 0.004922035091330621 
-0.07348410924668737 -0.15568027459677228 -1.2112961502590376 -0.07804488901267007 0.00039398198618256774 0.004922035091331072 
-0.07348410924231356 -0.1556802746032922 -1.2112961502655413 -0.07804488901309617 0.00039398198618933317 0.00492203509103499 
-0.07348410924273718 -0.15568027458841127 -1.2112961502700164 -0.07804488901338069 0.0003939819861871821 0.004922035091066567 
-0.07348410924266732 -0.1556802745750399 -1.2112961502956923 -0.07804488901504192 0.0003939819861877303 0.0049220350910644224 
-0.07348410924033584 -0.15568027458734013 -1.2112961502706172 -0.07804488901341744 0.00039398198618144364 0.004922035090925505 
-0.07348410924148827 -0.15568027456448813 -1.211296150271739 -0.07804488901348366 0.0003939819861772456 0.004922035090995433 
-0.07348410924184423 -0.155680274586038 -1.2112961502599338 -0.0780448890127248 0.0003939819861792787 0.004922035091030747 
-0.07348410924061352 -0.15568027459260894 -1.211296150274325 -0.07804488901366195 0.0003939819861909846 0.00492203509092512 
-0.07348410924147004 -0.1556802745832277 -1.2112961502844801 -0.07804488901431839 0.0003939819861846286 0.004922035091004926 
-0.07348410924120544 -0.15568027457616126 -1.2112961502926454 -0.07804488901485121 0.00039398198618995767 0.004922035090964715 
-0.07348410924502899 -0.1556802745857726 -1.2112961502957014 -0.07804488901506301 0.0003939819861810828 0.004922035091237816 
-0.07348410924067494 -0.15568027457818195 -1.211296150285179 -0.07804488901436249 0.0003939819861844482 0.004922035090945487 
-0.0734841092495985 -0.1556802745918792 -1.2112961502712838 -0.07804488901346168 0.0003939819861792232 0.004922035091545057 
-0.07348410924295272 -0.15568027460559422 -1.2112961502732744 -0.07804488901358206 0.0003939819861819918 0.004922035091088194 
-0.07348410924849508 -0.15568027457520894 -1.2112961502859476 -0.0780448890144089 0.0003939819861898536 0.004922035091444111 
-0.07348410923909558 -0.15568027459229727 -1.2112961502662023 -0.07804488901313042 0.0003939819861920185 0.004922035090819775 
-0.07348410924430036 -0.15568027459371267 -1.211296150293901 -0.07804488901493004 0.0003939819861852531 0.004922035091178525 
-0.07348410923787216 -0.1556802745890487 -1.211296150289312 -0.07804488901462803 0.00039398198617689173 0.004922035090757098 
-0.07348410924706744 -0.15568027458344139 -1.2112961502662216 -0.0780448890131358 0.00039398198618528085 0.004922035091370732 
-0.07348410924155693 -0.15568027460027675 -1.2112961502789203 -0.0780448890139513 0.0003939819861910193 0.004922035090998285 
-0.07348410923819845 -0.15568027457715666 -1.211296150260303 -0.07804488901274059 0.00039398198618051383 0.0049220350907579 
-0.07348410924103077 -0.1556802745986184 -1.2112961502660051 -0.07804488901312628 0.00039398198618301183 0.004922035090948266 
-0.07348410923948587 -0.15568027461230213 -1.211296150276709 -0.07804488901381351 0.00039398198617607294 0.004922035090859424 
-0.07348410923559634 -0.1556802745920428 -1.2112961502849195 -0.07804488901434922 0.00039398198617764113 0.004922035090603549 
-0.07348410924150421 -0.15568027458037204 -1.2112961502778872 -0.07804488901389281 0.0003939819861868074 0.0049220350909957855 
-0.0734841092398821 -0.15568027459925649 -1.21129615028278 -0.07804488901420062 0.00039398198619161606 0.004922035090898573 
-0.07348410923452478 -0.15568027458823405 -1.2112961502716693 -0.07804488901348931 0.0003939819861855168 0.004922035090505537 
-0.07348410923588963 -0.15568027460092704 -1.2112961502572686 -0.07804488901255813 0.00039398198617789093 0.00492203509059878 
-0.07348410923367599 -0.15568027459532002 -1.2112961502664081 -0.07804488901315323 0.0003939819861726937 0.004922035090457433 
-0.07348410924105073 -0.15568027458596773 -1.2112961502749646 -0.07804488901369634 0.00039398198617889013 0.004922035090945097 
-0.07348410924497045 -0.1556802745933748 -1.2112961502786477 -0.07804488901394671 0.0003939819861764893 0.0049220350912412905 
-0.07348410923884455 -0.1556802746024368 -1.2112961502788622 -0.07804488901396031 0.0003939819861937949 0.004922035090812629 
-0.07348410923327288 -0.1556802745953641 -1.2112961502527004 -0.07804488901225118 0.0003939819861875013 0.004922035090434645 
-0.07348410923528836 -0.15568027459511505 -1.2112961502715702 -0.07804488901348326 0.00039398198618469105 0.004922035090558323 
-0.07348410923911702 -0.15568027459212663 -1.2112961502847095 -0.07804488901433312 0.00039398198617261737 0.00492203509081684 
-0.07348410924643427 -0.15568027458704742 -1.2112961502781068 -0.07804488901390738 0.0003939819861778285 0.004922035091332368 
-0.07348410924579202 -0.15568027459518743 -1.211296150267323 -0.07804488901321227 0.00039398198618503105 0.004922035091285871 
-0.07348410923851659 -0.155680274597078 -1.2112961502550292 -0.07804488901240098 0.00039398198618716823 0.00492203509078685 
-0.07348410924490095 -0.15568027459244496 -1.2112961502715691 -0.0780448890134795 0.0003939819861837404 0.0049220350912276035 
-0.0734841092328046 -0.15568027459976957 -1.2112961502624957 -0.07804488901289253 0.00039398198618335184 0.004922035090408763 
-0.0734841092428754 -0.1556802745876055 -1.2112961502729713 -0.0780448890135785 0.0003939819861749419 0.004922035091082761 
-0.07348410924716879 -0.15568027458050177 -1.2112961502757438 -0.07804488901374328 0.0003939819861831437 0.004922035091366189 
-0.07348410924456114 -0.15568027458878342 -1.2112961502800608 -0.07804488901403928 0.0003939819861800628 0.004922035091201071 
-0.07348410924415028 -0.15568027459846526 -1.2112961502666995 -0.0780448890131673 0.00039398198619245567 0.004922035091174452 
-0.07348410923804019 -0.15568027458406541 -1.2112961502651203 -0.07804488901305358 0.00039398198617950075 0.0049220350907432705 
-0.07348410923341822 -0.15568027459520942 -1.2112961502672273 -0.0780448890131977 0.00039398198618988134 0.0049220350904592355 
-0.07348410924157611 -0.15568027458623068 -1.2112961502869275 -0.07804488901448364 0.00039398198617229124 0.004922035090997461 
-0.07348410924333162 -0.15568027458728975 -1.211296150286444 -0.07804488901445 0.0003939819861768154 0.00492203509113271 
-0.07348410864498386 -0.1556802775572956 -1.211296156230208 -0.07804488940728331 0.00039398197954282344 0.004922035051992886 
-0.07348410399028218 -0.15568029868165903 -1.2112961954781656 -0.07804489200071421 0.0003939819411424225 0.004922034749259523 
-0.07348409041494147 -0.15568035620753562 -1.2112962978838349 -0.07804489876770782 0.00039398185101004873 0.004922033868062066 
-0.07348402804465921 -0.1556806216527086 -1.2112969011298045 -0.0780449386596602 0.00039398112131766583 0.004922029769589219 
-0.07348396868818999 -0.15568090157995296 -1.211297385515705 -0.0780449706680793 0.00039398071662135464 0.004922025920596455 
-0.07348386909079324 -0.15568129193451385 -1.2112980213674112 -0.07804501267911683 0.0003939802663845346 0.004922019474845616 
-0.0734837344731711 -0.15568179778155347 -1.2112988739668347 -0.0780450690275648 0.00039397965421673897 0.00492201075219635 
-0.07348355897457452 -0.15568244461372371 -1.2112999585432052 -0.07804514071067438 0.00039397890561550936 0.004921999382731735 
-0.07348333171756932 -0.1556832534360017 -1.211301275534593 -0.07804522775580963 0.00039397810032753416 0.004921984674842603 
-0.07348283366333247 -0.15568521752298875 -1.2113055224890035 -0.07804550861221779 0.0003939733992226538 0.004921952054132428 
-0.07348247378183338 -0.15568671601556494 -1.2113076753573557 -0.07804565081556683 0.00039397244025213274 0.004921928874113265 
-0.0734820107620183 -0.15568833705698176 -1.211310295022193 -0.07804582396028893 0.00039397088888862286 0.004921898907732075 
-0.0734814627901259 -0.15569021070830977 -1.2113132547689571 -0.07804601957235752 0.0003939693228736732 0.004921863475103611 
-0.07348084935661699 -0.15569231893624694 -1.2113166958152959 -0.07804624703654123 0.00039396733012427715 0.004921823763241249 
-0.073479062569965 -0.15569629832956142 -1.2113266509422476 -0.07804690577821496 0.0003939548136857318 0.004921706495429639 
-0.07347886179556913 -0.1557001136933473 -1.2113313412020217 -0.07804721530037073 0.0003939544226563771 0.004921694420850251 
-0.07347789075652239 -0.15570349144681514 -1.2113366188459644 -0.07804756410157357 0.0003939516819928407 0.004921631635449405 
-0.07347681223120575 -0.15570716955412844 -1.2113425123288613 -0.07804795363966435 0.0003939484424489714 0.004921561850972706 
-0.0734755969379511 -0.15571122591147188 -1.211348846895474 -0.07804837231021086 0.0003939453898443787 0.004921483292137184 
-0.07347234326248966 -0.15571845210485327 -1.2113666806824595 -0.07804955238784297 0.00039392340670245385 0.00492126985897328 
-0.07347184456668196 -0.15572472204368357 -1.2113750040985842 -0.07805010199306633 0.00039392196233951904 0.004921238859459304 
-0.07347023239764489 -0.15573092159086724 -1.2113830827545773 -0.07805063547671157 0.0003939204402177571 0.00492113527191303 
-0.0734656770853277 -0.15574090910782146 -1.2114069403447416 -0.07805221408085766 0.0003938922073887102 0.004920836815722446 
-0.07346502137793912 -0.1557501304444398 -1.2114165825781793 -0.07805285001038574 0.0003938958220850511 0.0049207971860126135 
-0.0734594016124997 -0.15576239451780144 -1.2114457704467312 -0.07805478132278451 0.00039386147174646363 0.004920429010116726 
-0.07345855472268553 -0.15577344284347633 -1.211457487697548 -0.07805555427942365 0.000393866108524564 0.004920377562399608 
-0.07345572250501256 -0.15578253542751125 -1.2114711469058206 -0.07805645717845684 0.0003938611055478644 0.00492019456441333 
-0.07345261036888556 -0.1557922608596716 -1.211485312566524 -0.07805739332713893 0.00039385695967981277 0.00491999372769556 
-0.07344951200427835 -0.15580223996258688 -1.2115012415308608 -0.07805844644009724 0.00039384948476407083 0.004919793253816036 
-0.07344437822184607 -0.1558230805387275 -1.2115422036554961 -0.07806115479921089 0.00039381035823641414 0.004919458481125181 
-0.07344042304422715 -0.15583549826262127 -1.211558948164204 -0.07806226106522862 0.000393807828560952 0.0049192036894397835 
-0.07343426914397205 -0.1558598853804619 -1.2116060384242147 -0.07806537458320206 0.0003937645185711075 0.0049188027495384815 
-0.0734235500823881 -0.15588298605398182 -1.2116566768916992 -0.07806872474003648 0.0003937109098315697 0.004918102279527362 
-0.0734216049828526 -0.15590140692116183 -1.2116784681922859 -0.07807016359108053 0.00039371561520109427 0.004917981065596218 
-0.07341694158471326 -0.15591840712962848 -1.2117010967712933 -0.07807165853020909 0.0003937122740594323 0.004917681053414979 
-0.07341176928067625 -0.15593480139239618 -1.2117266170044894 -0.07807334555117336 0.0003937016581112354 0.004917346616492359 
-0.07339917221769088 -0.15596253711805055 -1.2117937455517587 -0.07807778733815482 0.0003936216658463193 0.0049165209329587335 
-0.07339734008820412 -0.15598742689468847 -1.2118185960359025 -0.07807942591825892 0.0003936351007311073 0.0049164104920822165 
-0.0733908801573494 -0.15600702169799419 -1.2118469379465895 -0.07808129928158238 0.00039362817540455203 0.004915993524704875 
-0.07338456919386391 -0.15602688629439468 -1.2118784135240848 -0.0780833802815642 0.0003936145290884055 0.0049155852452250955 
-0.07337804706620396 -0.15604759551038 -1.2119110640375952 -0.07808553882269584 0.00039360053618652663 0.004915163444208687 
-0.0733623961553572 -0.15608220499503905 -1.2119969093847796 -0.07809121950712253 0.00039349577471020636 0.004914136644902435 
-0.07336028847645436 -0.15611053467306815 -1.2120340675619081 -0.07809367297098288 0.00039349131323262315 0.004914006322190712 
-0.07335370130846205 -0.15613597954760508 -1.2120713900029227 -0.07809613913645619 0.00039347715173225495 0.004913581631890221 
-0.07334583361328288 -0.15616174916280026 -1.2121088857983247 -0.07809861672689583 0.0003934644886660413 0.004913073925067736 
-0.07333786503711628 -0.1561874265679628 -1.2121494335506209 -0.07810129716396155 0.000393445967820559 0.004912558535636572 
-0.0733295342214981 -0.1562140177971948 -1.2121909152284402 -0.07810403928831856 0.00039342850146997094 0.004912019960655826 
-0.07332112604225476 -0.15624117185431388 -1.2122347906496933 -0.07810694005130123 0.00039340696932270436 0.0049114757457865785 
-0.07330699529971318 -0.15629367244748768 -1.212346193446237 -0.07811430765107222 0.0003932913845963032 0.0049105515157055685 
-0.07329854183346113 -0.15632563242798692 -1.2123921969942981 -0.07811734745350991 0.0003932764651742582 0.004910006756739467 
-0.07328897129975236 -0.15635716868326646 -1.2124405927806243 -0.07812054614272004 0.0003932558340322481 0.004909388205014762 
-0.07327874426004588 -0.15638964249160647 -1.2124895599284464 -0.0781237823835117 0.0003932377072451629 0.004908727650207886 
-0.07326883468680717 -0.15642203898057033 -1.2125430933174264 -0.07812732178688611 0.00039320883118475203 0.004908085797092133 
-0.07325829499999963 -0.1564559042759024 -1.212596406783895 -0.07813084594908601 0.0003931853082474457 0.00490740431670523 
-0.07323292099068102 -0.15651164296750744 -1.21273329374911 -0.07813990410857513 0.000393020813597135 0.004905740236558414 
-0.07322948742600893 -0.1565565806839167 -1.2127917147371101 -0.07814376154004779 0.000393015917504784 0.004905527882890125 
-0.07321899735046211 -0.15659653279742425 -1.212850179175729 -0.07814762476839882 0.0003929949326773735 0.004904851580825998 
-0.07320660016854322 -0.15663665746562508 -1.212908563517074 -0.07815148264721097 0.0003929761268349208 0.004904051579135902 
-0.07319415292459641 -0.15667632032189222 -1.2129713035504137 -0.07815563017740818 0.0003929481717021843 0.004903246491959171 
-0.07318097869408717 -0.15671728701690177 -1.2130337916517981 -0.07815976085161816 0.0003929263115591622 0.004902395347158266 
-0.07315052685884665 -0.15678386157686042 -1.213198988772033 -0.07817069265710462 0.00039272660546302296 0.004900397555067714 
-0.0731464470924889 -0.15683754869171543 -1.213269023529561 -0.0781753169029566 0.0003927206860792898 0.004900145311114205 
-0.07313391065125277 -0.15688514259966863 -1.213338780367336 -0.07817992629972126 0.000392695873223374 0.004899337072922346 
-0.07311912116006686 -0.15693280365968248 -1.2134082293701431 -0.07818451530817619 0.0003926737681675674 0.004898382675994124 
-0.07310430556045198 -0.1569797845691257 -1.2134826788095379 -0.0781894369273441 0.0003926408354932784 0.004897424368693914 
-0.07308898331257802 -0.15702795017472565 -1.213558154223433 -0.07819442627800659 0.0003926099714961981 0.00489643371427133 
-0.07305311602108078 -0.15710643068646035 -1.2137533724701663 -0.0782073444162355 0.0003923735742412601 0.004894080457286443 
-0.07304806849912576 -0.15716966645912703 -1.2138343500742133 -0.0782126909960311 0.00039237139458302844 0.004893768306955752 
-0.07303320277860745 -0.1572253537569504 -1.2139157510250023 -0.07821806995275751 0.0003923439458327141 0.004892809895782137 
-0.07301578976504607 -0.15728098398530488 -1.2139969094228749 -0.07822343276522034 0.00039231883602079687 0.004891686148878442 
-0.07299841411609434 -0.15733570621824267 -1.214083834259292 -0.07822917914165584 0.00039228080075899563 0.004890562193173112 
-0.07298091754609665 -0.15739131754366342 -1.2141737994263897 -0.07823512672121594 0.00039223820082079364 0.004889429871816678 
-0.07296282272297164 -0.15744823962169507 -1.2142644454508944 -0.07824111927021518 0.000392198967469809 0.004888259425387012 
-0.07292063966284958 -0.15754075883273516 -1.214498056339068 -0.0782565779234847 0.00039191191180675683 0.004885490223961121 
-0.07291485208313139 -0.15761540060744322 -1.2145942676935517 -0.07826293016107091 0.0003919078163848594 0.00488513277345508 
-0.07289678307816803 -0.15768298784578752 -1.2146857089769458 -0.07826897021239845 0.0003918900290131727 0.004883970589480399 
-0.07287654604342891 -0.15774626953517284 -1.2147848889935449 -0.07827552632343546 0.00039184921077563273 0.0048826619704371976 
-0.07285622391343316 -0.1578102688130364 -1.2148877670469864 -0.07828232729592523 0.0003918022669198301 0.004881347039454877 
-0.0728352313921676 -0.1578757090656601 -1.2149911443142327 -0.078289161093993 0.00039175985337693703 0.0048799895789484096 
-0.07278634603299901 -0.15798166435124186 -1.2152565938195448 -0.07830672654870668 0.0003914389772817564 0.004876781584161185 
-0.07277949662310276 -0.15806666331803257 -1.2153658173106896 -0.07831393812228023 0.00039143717853611787 0.004876357960512343 
-0.07275937084024095 -0.15814115364881162 -1.2154752828173248 -0.07832117162802663 0.00039140107272659513 0.0048750602843155135 
-0.0727358833943682 -0.15821525985143742 -1.2155840765598334 -0.07832836059529213 0.000391368073861198 0.0048735443550495024 
-0.07271252618141164 -0.1582878664336091 -1.2157002374793349 -0.07833603976096185 0.00039131778996985556 0.0048720332506540474 
-0.0726885316075241 -0.15836188143466315 -1.2158174226209524 -0.07834378647502202 0.0003912707087489059 0.0048704815608644186 
-0.07263298634871876 -0.15848146094642834 -1.2161182984747303 -0.07836369619443698 0.0003909075971129383 0.004866836140928837 
-0.07262520159831465 -0.15857725990109467 -1.2162417331459703 -0.07837184613721461 0.0003909062141295161 0.004866354543824536 
-0.07260240467844835 -0.15866106585635656 -1.216365333052156 -0.0783800136859098 0.00039086584720493533 0.004864884527128372 
-0.07257681295766466 -0.1587427800926089 -1.2164928755750557 -0.07838844360350843 0.00039081330771625206 0.0048632299976222775 
-0.07255064582549589 -0.15882470577584162 -1.2166241157467006 -0.078397118789954 0.0003907548428530583 0.0048615371277791475 
-0.07252349010799722 -0.15890820329360472 -1.2167551506410343 -0.0784057801218135 0.0003907041485560134 0.004859781633762432 
-0.07249660032633534 -0.15899167233553096 -1.216892023950563 -0.07841482932604088 0.00039064037199366963 0.004858040774882432 
-0.07243280723038012 -0.1591276863206566 -1.217233820291355 -0.078437446613311 0.00039023168395548036 0.004853854565249607 
-0.07242430309007648 -0.1592359346177582 -1.217376162531092 -0.07844684539973507 0.0003902240077221092 0.0048533284395263585 
-0.07239767815209741 -0.15933374142048431 -1.2175103554944489 -0.07845570945637091 0.0003901983165462905 0.004851615545142775 
-0.07236792324815297 -0.15942486789010274 -1.2176551468484873 -0.07846528070134812 0.0003901394075852896 0.004849690947756674 
-0.07233815712128809 -0.15951661029447262 -1.2178046911226879 -0.07847516675213576 0.0003900718500576342 0.004847764386112419 
-0.07230753354200245 -0.15961000900180644 -1.2179543734226765 -0.0784850616848903 0.000390011027307631 0.004845783560028561 
-0.07227713447514372 -0.15970364804746315 -1.2181098890802637 -0.07849534373423309 0.00038993698735737686 0.004843814802341249 
-0.07220563224060629 -0.15985576252371864 -1.2184990992409115 -0.0785210984494894 0.00038946488067796714 0.004839119705281659 
-0.07219874611806944 -0.15998482341780032 -1.2186511932466946 -0.07853113428082069 0.00038948923559053994 0.004838710575945008 
-0.07216471636137332 -0.16008870281937398 -1.2188035936988728 -0.07854120489575686 0.0003894498897872786 0.00483651441420839 
-0.07212879055208188 -0.16019190061410263 -1.2189562164073242 -0.0785512928934912 0.000389420043244354 0.004834195579213064 
-0.0720740425360605 -0.16038016734720068 -1.2193655576690818 -0.07857836637519972 0.00038900994820023627 0.004830612187086691 
-0.07203870401863356 -0.16049887949237296 -1.2195100029438906 -0.07858790345338816 0.00038903169251636865 0.00482834515937151 
-0.07195626488931714 -0.1606683373091719 -1.2199373173702381 -0.07861618062025807 0.00038853330500979166 0.0048229360693205665 
-0.07194434154268275 -0.160816452301205 -1.2200860394859347 -0.07862598765644738 0.00038863334540054084 0.004822216207749068 
-0.07190413340838663 -0.1609288443120257 -1.2202536628739744 -0.07863706824430915 0.0003886022110638279 0.004819619511134941 
-0.0718651398061795 -0.16104048932747145 -1.2204319466968023 -0.07864885563447233 0.0003885443615934611 0.004817097228856171 
-0.07180628232300959 -0.16126124525159108 -1.220869853303673 -0.07867780719648956 0.0003881537759534495 0.004813259002866176 
-0.07174092585640082 -0.16148954009103922 -1.2212996668329414 -0.0787062220032243 0.00038781945490726916 0.004809008748825247 
-0.07164042608066315 -0.16168692536844997 -1.2217429304334075 -0.0787355491597852 0.00038738408954559767 0.00480243975776987 
-0.07162485661540384 -0.16184704131277108 -1.2219095540916243 -0.07874654443417659 0.0003875025221144815 0.004801486013363309 
-0.07158047587565167 -0.16197114659732087 -1.2221013234846332 -0.07875922304896635 0.000387458385255543 0.004798616824585563 
-0.071536035082258 -0.1620967421009282 -1.2222985791313887 -0.07877226185138056 0.00038740239403659005 0.004795744049433835 
-0.07146765353207221 -0.16232765855223832 -1.222808809043002 -0.07880600625593383 0.0003868929195358292 0.004791266460016165 
-0.07142517958040723 -0.16246619143576752 -1.2230005502079249 -0.07881867560081306 0.0003868830936315931 0.004788533080251322 
-0.07138011889935517 -0.1625978842610601 -1.2232092318895327 -0.07883247047365434 0.00038681423445907637 0.004785618699439983 
-0.07133150842418041 -0.16273308916225276 -1.2234093447889598 -0.07884569496493918 0.0003867827965522569 0.004782481997237028 
-0.07126610867748259 -0.16296445019212888 -1.2239890664460764 -0.07888404849371775 0.00038611263975437543 0.004778168020744787 
-0.07121395497639668 -0.16312945743639162 -1.2241450823543192 -0.07889433146118986 0.000386252546797361 0.004774842459911211 
-0.07113404942860443 -0.16338180064009689 -1.224684658961019 -0.07893001919756248 0.0003857592332380741 0.004769619540451731 
-0.07108624473146075 -0.16353048537623768 -1.22489408793499 -0.07894386073417428 0.0003857519530755388 0.004766539931243115 
-0.07103293775556972 -0.1636773836905407 -1.2251065585852166 -0.0789579009656163 0.000385731517336875 0.004763101144840324 
-0.0709173181787036 -0.16390360347681968 -1.2256850535535069 -0.07899618078229269 0.0003850770019950753 0.004755515112253904 
-0.07090053222113517 -0.1641012877584823 -1.225886069523625 -0.07900943550646045 0.0003852180410867656 0.004754500212100676 
-0.07084562683672704 -0.16424830096679882 -1.2261169505326093 -0.07902469981552948 0.00038516914072383307 0.004750950961585259 
-0.07079353243059139 -0.1643937792461224 -1.226365725071466 -0.07904114955685357 0.0003850680601416509 0.004747575264053861 
-0.07074242122447744 -0.16454060360029213 -1.2266220182614984 -0.07905809540152665 0.00038494834653053644 0.004744261639510966 
-0.07066002214311659 -0.16481545061648203 -1.2272504299196345 -0.07909965614011724 0.0003843059053755954 0.00473885768878608 
-0.07060776489670362 -0.16496639940109928 -1.2275151853754704 -0.07911716151965688 0.0003841778751906 0.004735469037865082 
-0.07055925185171733 -0.165135395443972 -1.2277617948289619 -0.0791334520476679 0.00038412345912288565 0.0047323443751735176 
-0.07050464049138336 -0.16529193817626142 -1.2280245079596366 -0.07915081855003177 0.0003840152224220336 0.004728808293197761 
-0.07044860389099196 -0.16545002523232666 -1.2282870277791025 -0.07916817188717512 0.0003839171099327132 0.004725181772579431 
-0.07039358396571901 -0.16560692878076683 -1.2285601311572032 -0.07918622850202381 0.0003837918591560671 0.004721615245353838 
-0.07030481556780654 -0.1658990442913667 -1.2292329029872788 -0.07923072282622176 0.000383105602052132 0.004715792141749179 
-0.07025046616734584 -0.16607818661611568 -1.2294824710574903 -0.07924720843569155 0.00038308894004882715 0.004712295873587534 
-0.0701891801146163 -0.16624450680778188 -1.2297491438735952 -0.07926483546096971 0.0003830154628035251 0.004708333026351942 
-0.07013016334243238 -0.16640806601696256 -1.2300327786767424 -0.07928358863179238 0.000382895884763354 0.004704508125195123 
-0.07003855451237638 -0.1667268954991258 -1.2307099492784603 -0.07932836357979156 0.0003822834221401117 0.0046985200669318865 
-0.0699734686284963 -0.16690250397001588 -1.2309754747745 -0.07934591180997475 0.00038224455001789615 0.004694317822566471 
-0.06990920902452981 -0.16707327958831125 -1.2312586402743648 -0.07936463209684866 0.0003821596226675078 0.004690159248370069 
-0.06984737225389587 -0.16724261484994374 -1.2315575441268694 -0.07938439574283179 0.00038203031193276976 0.004686149749083867 
-0.06978628282611707 -0.1674130868214765 -1.2318634968476605 -0.07940462485539214 0.00038188437187845065 0.004682186892863603 
-0.06972530044091085 -0.16758482328715074 -1.232174028256929 -0.07942515650986974 0.00038172963994327624 0.004678230017763545 
-0.0696272189389219 -0.16790426957514015 -1.232933421423128 -0.07947537963125294 0.0003809386822446678 0.0046717865103323205 
-0.06956983632833902 -0.16809421877346908 -1.2332340964189976 -0.07949524856269317 0.00038084796037481106 0.0046680819604755655 
-0.06950328004034789 -0.16828026769782062 -1.2335318785580065 -0.07951492694005731 0.00038076093467307587 0.004663779917066312 
-0.06943742677652884 -0.16846027394543356 -1.2338475629421422 -0.0795357973459129 0.0003806267555921672 0.004659511618298711 
-0.06937197329015031 -0.1686406113899335 -1.2341705863475885 -0.07955715367132568 0.0003804771127499315 0.004655266628388291 
-0.06930654422512131 -0.16882179329999775 -1.2344986333655903 -0.07957884253230775 0.0003803186831650429 0.004651021824558701 
-0.06915417191078604 -0.16911071038681605 -1.23530945778898 -0.07963249325801089 0.0003793418705737156 0.004640993230189809 
-0.06913287845761217 -0.1693425100459758 -1.23563385980411 -0.07965391562682783 0.00037934287115734544 0.004639669548525454 
-0.06907118359766941 -0.16954237546699635 -1.2359576726331336 -0.07967531488962912 0.00037924015524022636 0.004635683698463174 
-0.0690022012183842 -0.1697349020750688 -1.2362894893829168 -0.07969724758429697 0.00037910588735063505 0.004631215328403425 
-0.06893210772068711 -0.16992588975413225 -1.23662832758723 -0.07971964658201175 0.0003789569568909204 0.004626671440472241 
-0.06885990272802511 -0.17011869154398573 -1.2369641926588826 -0.07974184837515982 0.00037882797908257715 0.0046219944972150226 
-0.0687889038314902 -0.17030955509246942 -1.237312247227106 -0.0797648607933221 0.0003786670776952522 0.004617387871666491 
-0.0686237561132389 -0.17061366424181196 -1.2381718345842363 -0.07982173826322722 0.00037764761540356323 0.004606519264347067 
-0.0686014276624025 -0.17085662527786144 -1.2385217292851713 -0.07984484596988045 0.00037763631661447833 0.004605128617389726 
-0.06853563078424393 -0.17106668157248311 -1.2388683802319571 -0.07986775445747335 0.0003775232314671001 0.004600876274903375 
-0.06846186822924173 -0.17126891426117496 -1.2392225908865746 -0.07989116738771401 0.00037737879434781435 0.004596096893004924 
-0.06838441858175576 -0.17147204123794454 -1.2395730665935263 -0.07991433233096112 0.0003772554117298446 0.004591082396506223 
-0.06830859099140224 -0.17167154805215357 -1.2399388859694198 -0.07993851862025078 0.0003770919236772696 0.00458616269492894 
-0.0682314391411972 -0.1718725085620558 -1.2403047020527072 -0.07996270458252985 0.00037693787338322765 0.004581158820711177 
-0.06805605673385795 -0.17218927624004068 -1.241225289965143 -0.08002361867362445 0.00037583478799015774 0.004569606929748786 
-0.06803905358643716 -0.17246051066489845 -1.241577024819541 -0.08004683380633573 0.0003759008773363687 0.004568588166920761 
-0.06795949721857963 -0.17267113587773766 -1.2419454548959634 -0.08007118731403998 0.0003757663989351276 0.004563434402461399 
-0.06787933536170282 -0.17287922159013772 -1.2423249689405615 -0.08009627617191814 0.00037560423004931454 0.004558235162655879 
-0.06779937625630028 -0.17308707000113668 -1.2427115928975916 -0.08012183631844119 0.00037542802274005693 0.004553046378729557 
-0.06771750330205899 -0.17329675869595285 -1.2430952171832517 -0.08014719780562934 0.00037527115853025483 0.004547737167915242 
-0.0676367145966145 -0.17350497543109686 -1.243490526860414 -0.08017333558889278 0.0003750831432918836 0.004542490567176391 
-0.06750689887997524 -0.17388958442586072 -1.2444548545911012 -0.08023711323776438 0.00037410015344533504 0.0045339499796585876 
-0.06743132454560968 -0.17411809293769845 -1.244836788470428 -0.0802623538814499 0.0003739926080443129 0.0045290657567014884 
-0.06734440944644757 -0.17434125180968663 -1.2452163885130734 -0.08028744037216387 0.00037388359583456765 0.004523442194219677 
-0.06726130645306572 -0.17455356109614117 -1.2456305427755692 -0.08031482542365316 0.0003736735845276881 0.004518040519753115 
-0.0671769494208648 -0.17476954931133495 -1.2460428571768305 -0.08034208370016613 0.0003734770064502263 0.004512563223993495 
-0.0670883077110095 -0.17498877642111735 -1.2464419605851833 -0.08036846760283003 0.00037333411542449235 0.004506818078169713 
-0.06695163882137087 -0.17538497985250553 -1.2474565418372339 -0.08043557038366946 0.000372295111335158 0.004497819131937938 
-0.06687035396393307 -0.17562187624784967 -1.247851175648792 -0.08046165021719673 0.0003722037881175519 0.004492567810433387 
-0.06677795242630007 -0.17585214006378277 -1.2482477583670908 -0.08048785996070101 0.000372095899462091 0.004486588108745065 
-0.06668708572065159 -0.17607405022139505 -1.2486691597812334 -0.0805157209251667 0.00037191964845083303 0.004480690036137855 
-0.06654911552409343 -0.17650724905488943 -1.2496655633841947 -0.08058159674463512 0.0003710316085349802 0.004471650042969191 
-0.06633037601463798 -0.17717642353755156 -1.2511355379486826 -0.0806787643188354 0.00036982089228670967 0.004457360438795426 
-0.06608968582966243 -0.17783368493156881 -1.2526323415942398 -0.08077773297759684 0.0003685853658348462 0.004441615241835277 
-0.06577320687928184 -0.17845800127598133 -1.2541107393472015 -0.08087550509355444 0.00036735543381964664 0.004420915378108603 
-0.06563730102463515 -0.1790110219001209 -1.25493430421154 -0.08092990646619116 0.00036743705443862545 0.0044122265885880654 
-0.06536319398175865 -0.17968672230955704 -1.2564605318372906 -0.0810308271292119 0.0003663368185319246 0.0043943228946987 
-0.06502988208453883 -0.1803175122567489 -1.2580384729678378 -0.08113519420522153 0.00036498801268490533 0.004372489866331258 
-0.06488673701855166 -0.18088410265337687 -1.2589098285195592 -0.08119275394338188 0.00036506176316387223 0.00436333241889926 
-0.06466524825437339 -0.18137395512606802 -1.259837091592138 -0.08125405555734647 0.00036479578055303996 0.004348969774743314 
-0.06452227862369402 -0.1816102531950139 -1.2602479375648217 -0.08128124461205799 0.0003649150685599914 0.004339714171106101 
-0.06439991939465409 -0.1818440587298295 -1.2607268892994345 -0.08131292608953583 0.00036480535130989367 0.004331764555141435 
-0.06428490351786503 -0.1820821787014103 -1.2612187408684274 -0.08134545166183027 0.0003646426882880707 0.004324291781319627 
-0.06403883363520557 -0.18245424780291877 -1.2624602811615866 -0.08142760020508366 0.00036318709125132687 0.0043080434355205425 
-0.06400393061326959 -0.1827599171372723 -1.262958286891399 -0.08146049737356839 0.0003631762579935846 0.004305850914408965 
-0.06390635683787776 -0.18302250548990623 -1.2634528575132191 -0.08149318424071633 0.000363016077545103 0.004299529982855746 
-0.06379316451878396 -0.1832791518580082 -1.2639386443315797 -0.0815252893383153 0.0003628673562098353 0.004292194680953907 
-0.06368070774727108 -0.18352559464776808 -1.2644503150837516 -0.08155911886251507 0.00036264660044495883 0.00428488426785301 
-0.06356919984345069 -0.18377119345488302 -1.2649716424340205 -0.08159358805720762 0.00036240263356780017 0.004277630151715207 
-0.06345555115978602 -0.18401818701772 -1.2654895095723722 -0.08162782830990996 0.0003621784829625496 0.004270241159992837 
-0.06327676549078352 -0.18446508570209225 -1.2667627226498652 -0.08171203673083918 0.00036089550090916134 0.004258436740241625 
-0.06317275999419934 -0.18473317707849507 -1.2672667886607183 -0.08174535184861959 0.0003607542310746087 0.0042517012918526316 
-0.06305352400305644 -0.1849938076882186 -1.2677681648238064 -0.08177848852243458 0.0003606069924898189 0.004243972435660621 
-0.06293558748283484 -0.18524373941794525 -1.2682981533134785 -0.0818135298316954 0.0003603804070811123 0.004236303268046198 
-0.06281894455558562 -0.18549273021384338 -1.2688385508125315 -0.08184926033956855 0.0003601281973642581 0.004228712413149606 
-0.06270019713309655 -0.18574309494311592 -1.2693753979376425 -0.08188475584330888 0.00035989573716406487 0.004220989221974091 
-0.06251380678385246 -0.18619494132864464 -1.2706940960182815 -0.08197197283739792 0.0003585689959503813 0.0042086751905761575 
-0.06240534438119556 -0.18646669488258874 -1.271216169828656 -0.08200647865456268 0.00035842225615230483 0.004201648675095343 
-0.06228517002230553 -0.18672511935609065 -1.2717550651169693 -0.08204210309828976 0.00035820766919056335 0.004193839565162496 
-0.06215974733283564 -0.1869834309075789 -1.2722890635178363 -0.08207740151881679 0.0003580168258660865 0.004185696166828477 
-0.06203721572769601 -0.18723561077309664 -1.272844889655596 -0.08211415286083472 0.0003577661796863932 0.0041777212439856656 
-0.0619129287533766 -0.18748867192906235 -1.273399445983541 -0.08215082000324375 0.0003575285206140408 0.004169635174807038 
-0.061718727618835956 -0.18794408638130325 -1.2747625746763633 -0.08224097602367124 0.00035616022699306443 0.004156797420718954 
-0.06160570343976324 -0.188218778600869 -1.2753022981447972 -0.08227664897470838 0.00035600848431347615 0.0041494727897332 
-0.06147623847434798 -0.18848544006919815 -1.2758392303182875 -0.08231213645895988 0.00035584911196998026 0.004141075677555842 
-0.061341405791445466 -0.18874550611441365 -1.2763805455155435 -0.08234792215923877 0.00035569188929723827 0.004132324554486425 
-0.06105378921133647 -0.18913202441411245 -1.2777941624683464 -0.08244145218228527 0.0003540405492511514 0.004113301966284494 
-0.06092368698379455 -0.18938493612959456 -1.278375815375207 -0.08247991497009721 0.0003537754031959217 0.004104825695672137 
-0.0608955201940614 -0.18973089431923829 -1.2789164111094127 -0.08251561223060275 0.00035386020265081725 0.004103111913427212 
-0.06076559366908092 -0.18999425732250338 -1.2794855040587332 -0.08255323280064927 0.00035364225219345485 0.00409466694064534 
-0.06063438311909705 -0.19025262242998145 -1.2800684388718904 -0.08259177236997631 0.00035338664600866737 0.0040861272763600045 
-0.06049986549137347 -0.19051207466411402 -1.2806457855974387 -0.0826299410817675 0.00035315890591997023 0.00407738022655676 
-0.060371345010251265 -0.1907649157410366 -1.2812539712632396 -0.08267015818923262 0.0003528380652825028 0.004068994864505262 
-0.06023871417515811 -0.19102149075394276 -1.2818492993436004 -0.08270952034637956 0.0003525670982476095 0.004060357507045595 
-0.06003019860810646 -0.19148034706011502 -1.283300163108936 -0.08280547889435205 0.0003511107065445121 0.004046554593117488 
-0.059896288278592086 -0.1917349495891663 -1.2839093451034782 -0.08284576182502351 0.00035081532745236815 0.00403782297920092 
-0.059778363706864096 -0.19201202570454917 -1.284501117183067 -0.08288487572325741 0.0003505994765094847 0.004030164886263805 
-0.05963207409123701 -0.19228943136320445 -1.2850470839913049 -0.08292095007499281 0.00035051283866883304 0.004020698009177139 
-0.05949121325119576 -0.19254593146667776 -1.2856493678561067 -0.08296077767446207 0.0003502622332317018 0.004011523125116732 
-0.05918000208721193 -0.19293217643046728 -1.287154041345957 -0.0830603282886978 0.0003485180102324806 0.003990923277933834 
-0.05913311535682704 -0.19325925418845355 -1.2877511533762294 -0.08309978200847953 0.00034850845937214187 0.003987956303230478 
-0.059006674516486696 -0.19354824378715224 -1.288322992656434 -0.08313756730277577 0.00034839655268382314 0.003979775365698051 
-0.058858901483394635 -0.1938125952119239 -1.2889175768575925 -0.08317687294030401 0.00034820025254844733 0.003970172515461727 
-0.05871556081181056 -0.1940691152638952 -1.2895407328571094 -0.08321807837260187 0.0003479236463316618 0.003960830642649482 
-0.05857414449812774 -0.194324434368367 -1.2901748102087154 -0.08326000608184267 0.00034761848177999877 0.003951607218333963 
-0.05825465174918855 -0.1947083971881151 -1.2917258249907269 -0.08336261927613624 0.00034581285838291426 0.003930444680799818 
-0.058206725765058503 -0.19503647772476007 -1.292339388634793 -0.08340316110444626 0.0003457966420270936 0.003927409682523834 
-0.05807633153605943 -0.19532600891262558 -1.2929270663590042 -0.08344199342780505 0.00034567758416928496 0.0039189700703028685 
-0.05792809869129101 -0.19558602054902985 -1.2935559924344289 -0.08348357525742717 0.0003454156095986302 0.003909315962616478 
-0.05777706811966496 -0.19584614409388337 -1.29418269796779 -0.08352500900453827 0.0003451705769657379 0.0038994852212598744 
-0.05762957830631668 -0.1961012212472057 -1.294830100999976 -0.08356781876873039 0.00034486708804597893 0.0038898641814215876 
-0.057396115478966406 -0.19655632183757044 -1.2963860863095265 -0.08367073027306875 0.0003433409299851281 0.0038743951507902775 
-0.057259953254345464 -0.19683542218384456 -1.2970034331952918 -0.08371153773207898 0.0003431720081794806 0.003865556302549127 
-0.0571049438434451 -0.19710505051084565 -1.2976198082911492 -0.08375227873984166 0.0003429856298653375 0.00385548654156584 
-0.05695148326875593 -0.1973613739900554 -1.29827035080922 -0.08379529343510186 0.00034270340019079 0.0038454824232417332 
-0.05670682280633785 -0.19781752936613176 -1.299832714845579 -0.08389862255775918 0.0003412214500643426 0.0038292922277171648 
-0.056561465623227794 -0.19809742114845214 -1.3004446052224323 -0.0839390711003346 0.0003411045269462315 0.0038198648427670355 
-0.05639985101304151 -0.19836571687300963 -1.3010672428248586 -0.08398022847153452 0.00034093314487099874 0.0038093651338511605 
-0.056241366452615724 -0.1986203923533303 -1.3017279149388878 -0.08402391414857621 0.00034065319392870275 0.003799031426014197 
-0.05608183832847739 -0.19887567009522528 -1.302387577391384 -0.08406753143319028 0.00034038265655687155 0.0037886342088387453 
-0.05573665710281893 -0.19924538570613426 -1.3040471788661434 -0.08417732654769036 0.00033845166461996673 0.003765733064290528 
-0.055680397153089436 -0.1995727049021077 -1.3046888280976006 -0.08421972841686218 0.0003384645087435578 0.003762162620819177 
-0.055525066176921906 -0.19982181214303557 -1.3053813763458695 -0.08426552624968328 0.00033810868357303514 0.003752009488762629 
-0.05538597581915071 -0.20010760233983366 -1.3060178550600812 -0.08430758498244638 0.00033794827319451326 0.0037429930326052943 
-0.055225447855604334 -0.2003633458741746 -1.3066917165055827 -0.08435213775683874 0.0003376554237899121 0.0037325264926217844 
-0.05506103046536384 -0.20061900199892213 -1.307361023426894 -0.08439638870729801 0.0003373859733140916 0.0037218135441632995 
-0.05482140184488325 -0.20108771488219795 -1.3089626710937177 -0.08450230321597274 0.00033594798229833606 0.0037059564084955523 
-0.05463315094347579 -0.20136469433548407 -1.3095468182080898 -0.08454090614527934 0.00033596418596512634 0.003693779086155596 
-0.05445807970560314 -0.2016136966251305 -1.310220378265529 -0.08458545403047377 0.0003357192536110609 0.003682360040036635 
-0.05419570724362936 -0.20204867515223113 -1.311883446973686 -0.08469545310141235 0.000334126335622513 0.0036649506537765556 
-0.054042912821620714 -0.202320765780956 -1.31254474510513 -0.08473916959321379 0.0003339549360268784 0.0036550210654588333 
-0.05386555723459241 -0.2025876986109712 -1.3131869204405526 -0.08478161206534582 0.0003338158834422372 0.0036435090671334464 
-0.05368544307786326 -0.2028396882945558 -1.313855688520491 -0.08482583355841594 0.00033360941623059026 0.0036317813020125284 
-0.053420991219096714 -0.20326739192268992 -1.3155500547307026 -0.08493790421416299 0.00033196675179374135 0.0036142130954818228 
-0.05326394546358715 -0.20354944246520099 -1.316191614041958 -0.08498030282814603 0.0003318752588574378 0.003604039482029928 
-0.05308334223676371 -0.20380269767327422 -1.3168681268399416 -0.085025028943082 0.000331657146087079 0.0035922819182133 
-0.05281687966625992 -0.20427311026242495 -1.318465421757479 -0.0851306431194209 0.00033037667599101345 0.0035747127949537355 
-0.052615690966723666 -0.2045310486336337 -1.3190992447510328 -0.08517254829022775 0.00033031523279485747 0.003561653630002476 
-0.05222187148456832 -0.204874478030038 -1.3208415613111417 -0.08528781676865611 0.00032839097781254406 0.0035355296953701962 
-0.05216671155150479 -0.20521804336320446 -1.32147215081206 -0.085329480564709 0.00032859966607965557 0.0035320934921058665 
-0.0519806382247751 -0.2054745200723433 -1.3221450357360836 -0.08537396206122819 0.0003284312673155626 0.0035199943576462323 
-0.05157783679849136 -0.20582035958251238 -1.3238796671794442 -0.08548870721679194 0.00032656239805225334 0.0034933088731416238 
-0.051511576894001085 -0.20618268725226113 -1.3244516815197342 -0.08552647888030673 0.00032695805246630433 0.003489223052892389 
-0.05109481186703238 -0.20652564380375638 -1.3261774409681075 -0.08564064109051284 0.0003251509496671606 0.0034616335901420693 
-0.05103104286987949 -0.20686597558572328 -1.326804171657092 -0.08568205586531777 0.0003254064762324635 0.003457645526541758 
-0.050831012419743665 -0.20712240203798316 -1.3274649580887758 -0.08572573383146598 0.0003253111564347766 0.003444659440974855 
-0.050641281782635064 -0.2073569020833674 -1.3281915553998949 -0.08577378616870171 0.0003250228048207737 0.003432266947615338 
-0.050351394632609944 -0.20775918130446064 -1.3299459975479684 -0.08588982696562777 0.00032338555527272606 0.0034130112919557466 
-0.05018195151255325 -0.20801758885107785 -1.3306454119745856 -0.08593606673442906 0.0003232094181036399 0.00340198801279274 
-0.04999240631448383 -0.20826521570401485 -1.331348050974806 -0.08598251465264817 0.0003229939162539136 0.0033896484562082824 
-0.04980000143853813 -0.20850122485534872 -1.332071652649656 -0.08603035949399712 0.00032272243989948934 0.0033770966846861134 
-0.04939395637731338 -0.2088158098595342 -1.333902749133386 -0.08615148994766864 0.0003206666664176544 0.0033501077154875474 
-0.049320952581922775 -0.2091209647022652 -1.3346031311974014 -0.08619778884288994 0.0003206969600955331 0.003345443882296493 
-0.049140709670405944 -0.2093987545988446 -1.3352481539302157 -0.08624040309914324 0.00032069387028996893 0.0033337989014516267 
-0.04894484874629755 -0.20962738670798187 -1.3359858333661425 -0.08628918759043652 0.00032040028615673566 0.0033210035323852183 
-0.04875099578615594 -0.20985405575579724 -1.336732488220663 -0.08633856420463451 0.00032008462256821746 0.0033083337116355405 
-0.048343870036832354 -0.21015277135660484 -1.3386064570735687 -0.0864625313482087 0.00031794735172512717 0.003281231156262917 
-0.04829475146310609 -0.21047901972973246 -1.3392875552886 -0.08650753834208474 0.0003180763604433215 0.0032781739927295293 
-0.048104921935059955 -0.21071204616171846 -1.3400274351117814 -0.08655645638672008 0.00031778362461302306 0.0032657828397757377 
-0.04790781341211335 -0.21094238396151377 -1.3407641708673679 -0.08660516406991377 0.0003175016258512228 0.0032529239683523766 
-0.04772118138550817 -0.2111593658922129 -1.3415460675610498 -0.08665687351594684 0.0003170907347602239 0.0032406904729673385 
-0.04753378667914192 -0.21137808763259192 -1.3423232717221958 -0.08670826629573128 0.00031669516163564115 0.003228419629280708 
-0.04723836999864045 -0.21174382177863715 -1.3441574564134209 -0.08682957859366028 0.0003149402188797612 0.003208736121372685 
-0.04705708906157775 -0.21200372757558567 -1.3448417456247923 -0.08687480418936158 0.0003148565457382624 0.003196983988841485 
-0.04685536988106674 -0.21222464169363733 -1.345593445098165 -0.08692451095004304 0.00031455337485661317 0.0031838037299355493 
-0.04665844917086846 -0.21244018702874862 -1.346364619662339 -0.08697550628145151 0.0003141974927354449 0.0031709189545045847 
-0.0464644365567517 -0.21265326926560751 -1.3471448779245452 -0.08702710280797218 0.00031381606308967386 0.0031582154649306216 
-0.04627191214125764 -0.2128646238595871 -1.3479306112898137 -0.08707906226764034 0.0003134187670189026 0.0031456029736190967 
-0.04597086468154668 -0.21321322418631183 -1.3497883443429979 -0.08720193506537115 0.000311642935695855 0.0031255262285727354 
-0.045773251424428424 -0.2134214986452353 -1.3505718946293985 -0.08725375445337483 0.0003112619444247053 0.0031125791798492656 
-0.04560016858060527 -0.21366802063816304 -1.3512987189340246 -0.08730179274564852 0.00031107189705147087 0.003101326389770615 
-0.04540005588701426 -0.21388049083323582 -1.35206992861331 -0.08735278634149947 0.00031072736311458377 0.0030882394532695447 
-0.04520151154844387 -0.21408829236356886 -1.3528533927729498 -0.08740459312217241 0.00031035086034295056 0.0030752409162397637 
-0.04500431625733178 -0.21429346229292154 -1.3536438206082753 -0.08745686192808436 0.00030995673262187995 0.003062322664346137 
-0.04480793513319055 -0.21449664752740946 -1.354439098757379 -0.087509452755791 0.000309550213084174 0.003049451609922512 
-0.044607429745137706 -0.21470033004060415 -1.3552264339438893 -0.0875615190564617 0.0003091704006699947 0.0030363193960746626 
-0.04430737105119678 -0.21502240549317347 -1.3571296558904198 -0.08768740337458694 0.0003073121650311872 0.003016254461404276 
-0.04412901107473849 -0.2152501130204762 -1.3578843422588585 -0.08773729603928337 0.0003070601360435632 0.003004623020830571 
-0.043932247183061296 -0.2154453435276077 -1.3586931185776718 -0.08779078319475082 0.0003066263262485741 0.002991709279146588 
-0.04373125379307695 -0.21565990994119316 -1.359453859557072 -0.08784107092200515 0.00030632710876301456 0.002978592396643105 
-0.043521494464500765 -0.21586311273029293 -1.3602256516225557 -0.08789210184708024 0.00030600363666227065 0.002964882236658791 
-0.043316753783610384 -0.21605823730794155 -1.3610215943720096 -0.08794473911622716 0.00030561560014703143 0.002951464389914676 
-0.04302260730571476 -0.21639688163850918 -1.362869583509455 -0.08806695435763462 0.0003039864022259739 0.0029318664557637904 
-0.042802779654058806 -0.2166110752419631 -1.3636010939835654 -0.0881153136224076 0.0003037916537574348 0.0029175489574128997 
-0.04258206211120008 -0.21680859224877205 -1.364367782529627 -0.08816601171869312 0.0003035047941586447 0.0029031264978733613 
-0.04236566619364697 -0.21700000400090833 -1.3651523322401298 -0.08821789658188449 0.00030317155794202383 0.0028889622593777685 
-0.042048262828965954 -0.21729230686372986 -1.367064647817556 -0.08834438553758892 0.00030136156718912205 0.002867747693284103 
-0.04183907579168425 -0.21747601487052345 -1.3678713877077204 -0.08839773961393851 0.00030096604509527447 0.0028540269764159914 
-0.04165918851521734 -0.21768522780968508 -1.3686521742488509 -0.08844936073199872 0.0003006683253991699 0.0028422717350969303 
-0.04144283014482711 -0.21789282857779735 -1.3693961293943908 -0.08849853344318277 0.0003004410959298945 0.0028281812718301057 
-0.04122881862328215 -0.2180771058899047 -1.370191554599668 -0.08855113613262919 0.0003000757726334541 0.0028141611729172547 
-0.04101907840205292 -0.21825702823038237 -1.371001183890151 -0.08860467889725329 0.00029967232115403475 0.002800404188666764 
-0.04057396545036765 -0.21845388735376697 -1.3729921818881898 -0.08873637315887624 0.00029744573539658425 0.0027706803644867144 
-0.04049126389992712 -0.21870699396289905 -1.3737387407732673 -0.08878574104423834 0.00029743880854347926 0.002765366193022115 
-0.040305142193465954 -0.21891004803657574 -1.374514048494727 -0.08883700103833223 0.00029716383683465325 0.0027532091719197392 
-0.040097230239487205 -0.21909529457098692 -1.3753066975046477 -0.08888941035474623 0.00029681055339500495 0.0027395995578869234 
-0.03987895987839177 -0.21927903579737018 -1.3760889780201153 -0.08894113083997005 0.0002964842390725253 0.0027253298350776193 
-0.03965906560458532 -0.2194559699212314 -1.376881331416533 -0.08899352723583781 0.0002961369469711428 0.002710933523918128 
-0.03944511104325278 -0.21962578795690663 -1.3776953285119964 -0.08904736087037729 0.00029573107575745633 0.0026968933993558345 
-0.03912368011407616 -0.21987592691835167 -1.3796340527298043 -0.08917559565713504 0.0002938962595051345 0.0026753713241458544 
-0.038931987918239847 -0.22007211460275608 -1.3804051317099946 -0.08922657614782106 0.0002936414489170397 0.002662856325280253 
-0.03869961791333651 -0.2202683743732625 -1.3811344536278654 -0.08927477976481116 0.0002934710852805916 0.0026477421602967444 
-0.03822832900912776 -0.22043880028150986 -1.3831050601121029 -0.08940512442972849 0.0002913566494307726 0.0026163123711374393 
-0.03813361161664261 -0.22067662980524233 -1.3838440470374302 -0.08945400076401479 0.00029138746619812583 0.0026102172115624878 
-0.03793908737257151 -0.2208640813948466 -1.3846223348117148 -0.08950546096423101 0.0002911247193771449 0.0025975067575514862 
-0.037724657072704476 -0.22103357163642467 -1.3854202615172626 -0.08955822081410086 0.00029077391201549896 0.002583464263690865 
-0.03750772868209516 -0.22119561363820217 -1.3862291708009222 -0.08961170937770968 0.00029038717335846953 0.0025692430946769812 
-0.03728505504108871 -0.22135847618387952 -1.3870271700772054 -0.08966447473243755 0.0002900306405278566 0.0025546624239287516 
-0.037073227488982535 -0.22150970825643845 -1.387860090706204 -0.08971956084592529 0.00028957822500873254 0.0025407344050040344 
-0.03685511122269998 -0.22166515025328698 -1.38867434880114 -0.08977340693682266 0.0002891775660109133 0.0025264255385130515 
-0.03658116616400364 -0.2218874468364202 -1.3906533400376873 -0.0899043058491823 0.0002872868904827963 0.002507940823609361 
-0.03607194527073558 -0.2220784469867335 -1.3924869689721244 -0.09002553544151498 0.0002855632637911304 0.0024742393088857968 
-0.03596981946607136 -0.2223595004198566 -1.393093393734867 -0.09006562917947408 0.00028598483483539133 0.0024678402913709393 
-0.0357140196006224 -0.2225217347775751 -1.3938431208027915 -0.09011520919048674 0.0002857871823695596 0.002451140746438112 
-0.035477795720139774 -0.2226667121186302 -1.3946471855298213 -0.09016838977902875 0.0002854449918608809 0.002435650554360109 
-0.03500225089475639 -0.2227857599413322 -1.3966461235452 -0.09030060257411801 0.0002833086286975206 0.0024038848647375414 
-0.034927592133745744 -0.22304733312254876 -1.3973105576150848 -0.09034452755041941 0.00028356730193266483 0.0023992254304151424 
-0.034671703891028666 -0.2232107691183723 -1.3980453396318306 -0.09039310590878863 0.0002833970128970076 0.0023825545774390517 
-0.03434056110704212 -0.22342747397583923 -1.3999110618122819 -0.09051650710781695 0.00028185969923071735 0.0023604604289872337 
-0.03408726477921506 -0.22359473085293097 -1.4006355661341798 -0.09056440259944734 0.0002817216378056195 0.0023439720810293926 
-0.03384155328088702 -0.2237353218851543 -1.4014193520564342 -0.09061623948768949 0.0002814290889092616 0.0023278845600442485 
-0.033492585948890444 -0.22390522679187663 -1.4033439851933678 -0.09074354839583162 0.0002797087561932088 0.002304525680826549 
-0.03327649110988956 -0.2240901366446258 -1.404055132852466 -0.09079055086353344 0.0002796296947653945 0.002290502572268411 
-0.033038626896910825 -0.22422335229102808 -1.4048516000733065 -0.09084322487552435 0.00027929267226615984 0.002274909753333494 
-0.032685471683834094 -0.22438740457842948 -1.4067577150141366 -0.09096930153200625 0.0002776170526676905 0.0022512999803940533 
-0.03247013824193719 -0.2245465130663143 -1.407510150242826 -0.09101905537022795 0.00027742626644149115 0.002237248421272855 
-0.0322344462166603 -0.22469093944004062 -1.408276831695983 -0.09106974472914328 0.00027716151639740894 0.002221847576990856 
-0.03199566956805426 -0.22482059460808895 -1.4090663907630403 -0.09112195599072591 0.00027683456778400395 0.002206207944992918 
-0.03166475834769815 -0.22501619174672305 -1.4108940911400953 -0.09124282600080444 0.0002753932838606421 0.002184168887535966 
-0.03139507927776734 -0.22516372983881253 -1.4116110349024535 -0.09129022694090475 0.00027525861749022607 0.002166606825904847 
-0.03089861886352606 -0.22522750067285008 -1.413584036941317 -0.0914207271197722 0.00027322234390654565 0.0021334407120486626 
-0.030821739018055322 -0.2254429968272337 -1.4142813843791258 -0.09146685290219908 0.00027337226497444606 0.002128567532953221 
-0.030583593230280037 -0.22557775189445484 -1.415043711839359 -0.09151725355305133 0.0002731142558153113 0.002113008345503521 
-0.030084783441076346 -0.22564091086127075 -1.4169887690459848 -0.09164588666441448 0.00027114079560151827 0.002079737495367305 
-0.03000081031009931 -0.2258569775149159 -1.41766497738371 -0.09169061550796703 0.0002713317222510156 0.002074422377101798 
-0.029744336910794048 -0.22600061757464707 -1.4183828388131965 -0.09173806707981344 0.00027118221659832437 0.00205772907665946 
-0.029383665020970923 -0.2261150638796796 -1.4202733918499775 -0.09186312340512712 0.0002695493421740955 0.002033590188941198 
-0.029155444323729157 -0.22627925779264002 -1.4209638138712855 -0.09190875820204689 0.00026950233604004087 0.00201878654165589 
-0.028909387794778182 -0.22638666291788423 -1.4217494623930635 -0.09196071902813088 0.00026917944777531816 0.0020026500197388546 
-0.028663259330776347 -0.22649487174912253 -1.42253015955936 -0.09201234758735467 0.0002688659794418749 0.001986522995336612 
-0.028436143083283225 -0.22658833781936527 -1.4233530377813812 -0.09206677375491326 0.00026843841684096037 0.00197157001309728 
-0.027967965679212725 -0.22660073724200097 -1.4253560408389054 -0.09219924727917278 0.000266309005503812 0.001940178660430899 
-0.027881032283549143 -0.22676354050105135 -1.426103216925401 -0.09224868015531854 0.00026624985016825836 0.0019345500744586716 
-0.02767066659466376 -0.226918907791665 -1.4268058914859052 -0.09229511480514677 0.0002661338449723022 0.0019209044804038848 
-0.027427132732531168 -0.22702155874480087 -1.4275805079200423 -0.09234634188570699 0.0002658107752522773 0.00190494142649127 
-0.027195137559724955 -0.22711205984568933 -1.4283855835707957 -0.09239958922479849 0.000265412959596055 0.0018896840393696096 
-0.026725007692978378 -0.22710809031466284 -1.4303747089443606 -0.0925311446215297 0.000263314981917645 0.0018581579351568509 
-0.026659661114688954 -0.22731204070538572 -1.4310390272151947 -0.09257507734923777 0.0002634815850166075 0.0018540794981682476 
-0.02642442975312974 -0.22740735926832956 -1.431819496587391 -0.09262668835041338 0.00026313247689147695 0.0018386480845041548 
-0.026181554493888606 -0.2275048056075558 -1.4325868062636036 -0.09267742518959586 0.00026281610043990544 0.0018227410021809782 
-0.025839160441483558 -0.2275615653671693 -1.4344776432727033 -0.09280250078390978 0.00026114572600095115 0.0017997344262582662 
-0.025620328578275883 -0.22770437471955765 -1.4351681225555235 -0.09284813734536085 0.00026104998212281294 0.0017855299394686059 
-0.02537155290938739 -0.22779650098258347 -1.4359286198319916 -0.09289842912656081 0.00026075031093713424 0.001769231861148969 
-0.02501480509298297 -0.2278496460790615 -1.4377846723266783 -0.09302120247003282 0.0002591669715400549 0.0017453218563302925 
-0.024786950074076525 -0.22799297085938552 -1.4384565701008112 -0.09306560765669811 0.00025911394819791433 0.0017305523106503674 
-0.02454104355972732 -0.22807305942838618 -1.4392290207599336 -0.09311669736163625 0.0002587850393739252 0.0017144099799975862 
-0.024308147183467674 -0.2281443890566412 -1.440024317735173 -0.09316929728198574 0.0002583956737251675 0.0016990887503117449 
-0.024082460304677228 -0.2282124159503619 -1.4408274333406563 -0.09322241296649633 0.000257979187337852 0.0016842284249368193 
-0.02377565165383476 -0.2282689256877988 -1.4426664066349695 -0.0933440464020374 0.0002564443570074182 0.0016636067472541056 
-0.02353903573427052 -0.22836501799024497 -1.4434014543404063 -0.09339264179164844 0.00025617990865116347 0.0016481406570365291 
-0.023292274676821545 -0.22844748347816485 -1.4441495972727632 -0.09344211225722261 0.00025588301546663333 0.0016319812477404126 
-0.02281259702961015 -0.22839737978877855 -1.4460735906943978 -0.09356935709248948 0.00025392921114061884 0.0015998368496173076 
-0.022741918383603704 -0.22856025634118038 -1.4467445191654476 -0.09361374744529069 0.0002540287152052248 0.0015953543189074974 
-0.02251595984055922 -0.22861868952370984 -1.4475368381266238 -0.0936661510751518 0.00025362082075310044 0.0015804709726889073 
-0.02228548587084017 -0.22870701210766534 -1.448272148861609 -0.09371475810436142 0.00025333944658856994 0.0015654067710718722 
-0.02205611339978529 -0.2287689922350798 -1.4490493105032662 -0.09376615503959984 0.0002529571724864607 0.001550322804303483 
-0.021724233204421045 -0.22876737230954747 -1.450897754816804 -0.09388842554137553 0.0002513401514420491 0.001527979318867177 
-0.02151305877267043 -0.22886278361784634 -1.4516155885013333 -0.09393588910103273 0.00025112625561277135 0.0015141847394110693 
-0.02128689530956504 -0.22893111194476712 -1.45237145400373 -0.09398587260063934 0.0002507909129056407 0.0014993380219660945 
-0.02106153366040263 -0.22898897479187702 -1.4531425541140517 -0.0940368644364428 0.00025041142831759566 0.0014845211166470448 
-0.020825842216993573 -0.22905369183727678 -1.4538910911914558 -0.09408635862942297 0.00025008036022009655 0.0014690679181068658 
-0.02059972538605538 -0.2291043136047824 -1.45466678712178 -0.09413766171188094 0.00024968617110712743 0.0014541798471611228 
-0.020272382754633153 -0.22908171745437877 -1.456499394780002 -0.09425888692296905 0.00024808662004004167 0.001432118824516629 
-0.02007542595937159 -0.22916001223172688 -1.4572338650924719 -0.0943074531057905 0.0002478127248385503 0.0014192147185118525 
-0.01985769033472222 -0.2292182819590983 -1.457989158688025 -0.09435739672632715 0.00024745619500397137 0.0014049095975486219 
-0.019637433882815775 -0.22926785447061754 -1.458753928164572 -0.09440796884895 0.00024706912603905673 0.0013904217524670654 
-0.01941161428339218 -0.22931937462109875 -1.4595081630098927 -0.09445784211737132 0.00024670252680063925 0.0013755871544582868 
-0.01919113488150888 -0.22936164350016752 -1.4602776941824498 -0.09450873516376809 0.00024630058613681755 0.0013610647316444065 
-0.018738963676900866 -0.22925240082408083 -1.4621666628529337 -0.09463365735379528 0.00024437675627664995 0.0013306755029436773 
-0.018519462682459145 -0.22929095447241232 -1.4629318427885996 -0.09468426307225442 0.000243979695166624 0.0013162148774650535 
-0.01846264790962976 -0.22944133686730533 -1.4635633705964644 -0.09472604093531574 0.00024408624611117757 0.001312670845139064 
-0.01823034128913592 -0.22949665557465537 -1.464287468476793 -0.09477391728567475 0.00024377240400732386 0.0012974450938832076 
-0.017760639850984763 -0.22939080671675505 -1.4661203222153314 -0.09489512258455304 0.00024196833471273882 0.001265970120774736 
-0.017685096343823592 -0.22952885914588878 -1.4667457054164432 -0.09493650706796648 0.0002420818182080342 0.0012611820274334995 
-0.01744751036771948 -0.229597226506888 -1.4674337216537259 -0.09498198931603727 0.00024185083503516086 0.0012456668604467415 
-0.01721749435049455 -0.22963278230783746 -1.4681745639379415 -0.09503098641900276 0.0002414999159480874 0.0012305372894538089 
-0.01699107961981304 -0.22966616976583815 -1.4689179081842823 -0.095080147292806 0.0002411393511971699 0.0012156416214192446 
-0.016547820097526963 -0.22952597063889518 -1.4707762594147327 -0.09520304593966303 0.00023926469281074225 0.0011858173844288725 
-0.016478314268934993 -0.229682014256388 -1.4713591415088592 -0.09524159911869767 0.00023944406892114495 0.0011815078351827969 
-0.01624078571984086 -0.22972534372198616 -1.4720662154454573 -0.09528835560390364 0.00023914769359716093 0.0011659331294453996 
-0.01592799499225138 -0.22969501941442239 -1.4737463359916827 -0.09539948606731712 0.00023785445337140554 0.0011449540777527874 
-0.01567746298633091 -0.22976646389377672 -1.4743937668254818 -0.09544228122196222 0.0002376905547754049 0.0011286350243330555 
-0.01532996237760266 -0.22970043930897244 -1.4760889558623664 -0.0955544197338784 0.00023633004558315518 0.001105318196075966 
-0.01512333094153262 -0.22977277213282443 -1.4767477085557252 -0.09559797410716958 0.00023617557695924246 0.0010918438089028903 
-0.01477004334993412 -0.22971942941119677 -1.4783985259427843 -0.09570715923758591 0.00023489561770113215 0.0010682297899536682 
-0.014309301638777111 -0.22964808400123143 -1.480045659425567 -0.0958160534591771 0.00023349757086367495 0.0010375659428501663 
-0.014193614559618872 -0.22981559823126518 -1.4805476678877982 -0.09584926447205153 0.00023383192285472004 0.0010303177300611996 
-0.013936379750201788 -0.2298512218989402 -1.4812173915044986 -0.09589355774402952 0.00023361154462945427 0.0010134701479779335 
-0.013595021301978066 -0.22976064491787473 -1.482885858260516 -0.09600393010224634 0.00023228461228019803 0.0009905465655223396 
-0.013392505429324242 -0.22982258017472162 -1.4835348742877525 -0.09604684054554129 0.0002321282349067033 0.0009773373563542172 
-0.012928243093849295 -0.22967830015213986 -1.4852414310156137 -0.09615967952729809 0.00023053831757462173 0.0009462853122029007 
-0.012842726520132144 -0.22979616225232985 -1.4858127084558115 -0.09619749003160344 0.00023068252636686964 0.0009408657810670836 
-0.012615682210362564 -0.2298328095017484 -1.486476511563195 -0.09624137917495718 0.0002304398025000723 0.0009260041224577109 
-0.01215831385571492 -0.22967374999507056 -1.4881777366260005 -0.09635387114375255 0.00022884442288004236 0.0008953765741232184 
-0.01208158640965347 -0.22979995294625194 -1.4887303822497846 -0.09639044164723189 0.000229010371462543 0.0008905627020181071 
-0.011838179691606943 -0.22983796723358527 -1.48937059969096 -0.0964327676095765 0.00022879720865739278 0.0008746604178775699 
-0.01139263613963691 -0.2296569533805951 -1.4910790445452262 -0.09654574986600357 0.00022717681651487215 0.000844747085080263 
-0.011326911311914017 -0.22975310440548072 -1.4916682233493053 -0.09658474718636995 0.0002272454175678354 0.0008405728227225665 
-0.011119472916278711 -0.22976784760355162 -1.4923479170145972 -0.09662969240134495 0.00022693838498397123 0.0008269411898985346 
-0.010913881381176813 -0.2297719293704934 -1.4930405618874176 -0.09667549587440241 0.000226591407001063 0.0008134045016602563 
-0.010699695133422754 -0.2297844063337935 -1.4937135633434904 -0.09671999469234524 0.0002262775505361414 0.0007993418495401878 
-0.010494719665656599 -0.22978187500934924 -1.494408426772409 -0.09676595101138241 0.0002259175244835182 0.0007858239275211161 
-0.010201706975592792 -0.22964212328049058 -1.496037455048095 -0.09687371372091728 0.00022456346008719458 0.0007660110828190474 
-0.010026032789082179 -0.22966799253347767 -1.4966941518681658 -0.09691713776320793 0.00022430294892310937 0.0007544846481962679 
-0.00983117842177314 -0.2296747172645745 -1.497368558697345 -0.09696173240718628 0.00022397352647508112 0.0007416632692640137 
-0.009627709961876202 -0.2296820122276681 -1.498035151757986 -0.09700580622231547 0.00022364912808561788 0.0007282939992268741 
-0.009201188701652707 -0.22949009170957163 -1.4996785424650643 -0.09711447386113532 0.00022209923070620752 0.0006996664823729374 
-0.009117090135376885 -0.22954545447178595 -1.5002797247855204 -0.09715427281719236 0.0002220512002500813 0.0006942089101910175 
-0.008945858451698624 -0.22958150364860214 -1.5009066622963727 -0.097195721061238 0.0002218379801690873 0.0006830153223386565 
-0.008745856981946604 -0.22957883080819114 -1.501571951987927 -0.0972397148349007 0.00022150651573240449 0.0006698493526013604 
-0.00855000345311037 -0.22956936991097557 -1.5022452090600877 -0.0972842374941465 0.00022115422910929522 0.0006569372455393145 
-0.008351823377141701 -0.2295626330031521 -1.5029103936263288 -0.09732822461097171 0.00022081384894086925 0.0006438853349439127 
-0.007957524603793564 -0.22933567687042272 -1.5045651270000924 -0.09743765147586805 0.0002192140102080728 0.0006172888607291184 
-0.007878265174654148 -0.2293892159665672 -1.5051496269151832 -0.09747634158131849 0.00021916571645302224 0.0006121638692832363 
-0.0077118687156065985 -0.22940292925506411 -1.5057859212391136 -0.09751841766118378 0.00021890315027726232 0.0006012342191439716 
-0.007514736920548812 -0.22942049069814302 -1.5064046948692393 -0.09755932000129962 0.00021864136304040188 0.0005883325884023674 
-0.007218966941009514 -0.22927281891274273 -1.5079178556616846 -0.09765941239847709 0.00021744222261121243 0.0005684171322896828 
-0.0070381129235593115 -0.22929469796047475 -1.5085234327984058 -0.09769945701550035 0.0002172351662973332 0.00055657466851559 
-0.006845973328165916 -0.22929053826979895 -1.5091592424118512 -0.09774150111077204 0.00021693873787075046 0.0005439352998402841 
-0.006649547265108288 -0.22928545919587223 -1.5097921091704505 -0.09778334559626672 0.00021663591577888303 0.0005310267742559091 
-0.006459085121877567 -0.22926693778534207 -1.5104410340945398 -0.09782626069958852 0.00021629848428651038 0.0005184649250339517 
-0.006273447350637215 -0.22924441116200714 -1.5110942356765857 -0.09786945946789904 0.00021594781790434947 0.0005062077468362632 
-0.006028010372167894 -0.22909981866066512 -1.5125748716660348 -0.09796739936628233 0.0002148069752975143 0.0004896077232822223 
-0.005835547233236885 -0.22910162324302713 -1.5131838409879186 -0.09800766404105002 0.0002145374825165136 0.00047697549217202376 
-0.005640545072147146 -0.2290954872644502 -1.5137995996954952 -0.09804837774361556 0.00021424700597405533 0.0004641638989375238 
-0.0054527279706163695 -0.22907387689050585 -1.5144344945869785 -0.09809036530764695 0.0002139185293500087 0.00045177621361555063 
-0.005270405759764715 -0.22904771250149264 -1.5150746873926904 -0.0981327038349273 0.00021357561505946226 0.0004397366400874868 
-0.0050915914567214865 -0.22901926434977554 -1.5157161937436867 -0.09817512953230265 0.0002132252715417518 0.00042792071703342117 
-0.004720481463558135 -0.2287708647975621 -1.517269823570199 -0.0982778670309595 0.00021175126331018923 0.0004028759580951102 
-0.0046572495260922 -0.2288008096909659 -1.517834547039688 -0.098315252285123 0.00021166621247786094 0.00039876557559116195 
-0.004503134831339378 -0.22882976402567134 -1.5184010892479236 -0.09835269877447297 0.00021147692099736382 0.0003887205282679644 
-0.0043135064083505426 -0.2288168125348081 -1.5190028035259298 -0.09839248550113724 0.00021118536702716129 0.0003762530369667642 
-0.004063046153571587 -0.2286720019886675 -1.520397990642611 -0.09848477171753953 0.00021015265052144738 0.00035937882193600465 
-0.003870303261300459 -0.22867751812489712 -1.5209668101927052 -0.0985223772895141 0.00020992696044870585 0.0003467591861845927 
-0.003667806865225137 -0.22867289547310504 -1.5215408914122193 -0.09856033440256881 0.00020968575638599662 0.00033348504628291664 
-0.003423231023008122 -0.22851414960898975 -1.522928595285264 -0.09865213175832582 0.00020865623876870076 0.0003169710851891671 
