1.1135140560927885 -2.0781472704127992 -2.3389863405683515 1.2755316040059794 1.2426787586756687 1.0909582489837533e-05 
1.113514056092792 -2.0781472704127957 -2.3389863405683515 1.2755316040059803 1.2426787586756687 1.0909582487172997e-05 
1.1135140560927912 -2.0781472704127957 -2.3389863405683515 1.2755316040059785 1.2426787586756678 1.090958248539664e-05 
1.1135140560927939 -2.0781472704127966 -2.3389863405683506 1.2755316040059794 1.2426787586756687 1.090958248539664e-05 
1.1135140560927939 -2.078147270412795 -2.3389863405683506 1.2755316040059794 1.2426787586756687 1.090958248539664e-05 
1.113514056092792 -2.078147270412795 -2.3389863405683524 1.2755316040059803 1.2426787586756687 1.0909582484508462e-05 
1.1135140560927939 -2.078147270412795 -2.3389863405683515 1.2755316040059794 1.2426787586756687 1.0909582484508462e-05 
1.1135140560927939 -2.078147270412795 -2.3389863405683515 1.2755316040059794 1.2426787586756696 1.0909582484508462e-05 
1.1135140560927939 -2.078147270412794 -2.3389863405683506 1.2755316040059794 1.2426787586756696 1.0909582484508462e-05 
1.1135140560927939 -2.078147270412794 -2.3389863405683506 1.2755316040059803 1.2426787586756696 1.0909582484508462e-05 
1.1135140560927939 -2.078147270412794 -2.3389863405683524 1.2755316040059794 1.2426787586756687 1.0909582484508462e-05 
1.1135140560927939 -2.0781472704127957 -2.3389863405683524 1.2755316040059794 1.2426787586756678 1.0909582484508462e-05 
1.1135140560927939 -2.078147270412794 -2.3389863405683524 1.2755316040059794 1.242678758675667 1.0909582484508462e-05 
1.1135140560927939 -2.078147270412795 -2.3389863405683506 1.2755316040059794 1.2426787586756687 1.0909582484508462e-05 
1.1135140560927939 -2.078147270412794 -2.3389863405683506 1.2755316040059794 1.2426787586756678 1.0909582484508462e-05 
1.1135140560927939 -2.0781472704127957 -2.3389863405683506 1.2755316040059794 1.2426787586756687 1.090958248539664e-05 
1.1135140560927939 -2.0781472704127957 -2.3389863405683515 1.2755316040059803 1.2426787586756687 1.0909582484508462e-05 
1.1135140560927939 -2.0781472704127957 -2.3389863405683506 1.2755316040059794 1.2426787586756696 1.0909582484508462e-05 
1.1135140560927939 -2.078147270412794 -2.3389863405683524 1.2755316040059794 1.242678758675667 1.0909582484508462e-05 
1.1135140560927939 -2.078147270412794 -2.3389863405683515 1.2755316040059803 1.2426787586756687 1.0909582484508462e-05 
1.1135140560927939 -2.078147270412794 -2.3389863405683524 1.2755316040059794 1.2426787586756687 1.0909582484508462e-05 
1.1135140560927939 -2.0781472704127957 -2.3389863405683515 1.2755316040059794 1.2426787586756687 1.0909582484508462e-05 
1.1135140560927939 -2.078147270412794 -2.3389863405683515 1.2755316040059803 1.2426787586756687 1.0909582484508462e-05 
1.1135140560927939 -2.078147270412795 -2.3389863405683515 1.2755316040059794 1.2426787586756687 1.0909582484508462e-05 
1.1135140560927939 -2.078147270412794 -2.3389863405683506 1.2755316040059794 1.2426787586756687 1.0909582484508462e-05 
1.1135140560927939 -2.078147270412794 -2.3389863405683524 1.2755316040059794 1.2426787586756687 1.0909582484508462e-05 
1.1135140560927939 -2.078147270412794 -2.3389863405683515 1.2755316040059803 1.2426787586756687 1.0909582484508462e-05 
1.1135140560927939 -2.0781472704127957 -2.3389863405683524 1.2755316040059794 1.2426787586756687 1.0909582484508462e-05 
1.1135140560927939 -2.078147270412795 -2.3389863405683515 1.2755316040059803 1.2426787586756687 1.0909582484508462e-05 
1.1135140560927939 -2.0781472704127957 -2.3389863405683506 1.2755316040059794 1.2426787586756687 1.0909582484508462e-05 
1.1135140560927939 -2.0781472704127957 -2.3389863405683506 1.2755316040059794 1.2426787586756687 1.0909582484508462e-05 
1.1135140560927939 -2.078147270412794 -2.3389863405683515 1.2755316040059794 1.2426787586756687 1.0909582484508462e-05 
1.1135140560927939 -2.078147270412794 -2.3389863405683506 1.2755316040059794 1.2426787586756687 1.0909582484508462e-05 
1.1135140560927939 -2.078147270412795 -2.3389863405683515 1.2755316040059794 1.2426787586756687 1.0909582484508462e-05 
1.1135140560927939 -2.078147270412795 -2.3389863405683524 1.2755316040059803 1.2426787586756687 1.0909582484508462e-05 
1.1135140560927939 -2.0781472704127957 -2.3389863405683515 1.2755316040059794 1.2426787586756687 1.0909582484508462e-05 
1.1135140560927939 -2.078147270412794 -2.3389863405683524 1.2755316040059794 1.2426787586756687 1.0909582484508462e-05 
1.1135140560927939 -2.0781472704127957 -2.3389863405683506 1.2755316040059794 1.2426787586756687 1.0909582484508462e-05 
1.1135140560927939 -2.0781472704127957 -2.3389863405683515 1.2755316040059803 1.2426787586756687 1.0909582484508462e-05 
1.1135140560927939 -2.0781472704127957 -2.3389863405683515 1.2755316040059794 1.2426787586756687 1.090958248539664e-05 
1.1135140560927939 -2.078147270412794 -2.3389863405683515 1.2755316040059803 1.2426787586756687 1.0909582484508462e-05 
1.1135140560927939 -2.078147270412794 -2.3389863405683515 1.2755316040059794 1.2426787586756687 1.0909582484508462e-05 
1.1135140560927939 -2.078147270412795 -2.3389863405683506 1.2755316040059785 1.2426787586756687 1.0909582484508462e-05 
1.1135140560927939 -2.0781472704127957 -2.3389863405683515 1.2755316040059803 1.2426787586756687 1.0909582484508462e-05 
1.1135140560927939 -2.078147270412794 -2.3389863405683506 1.2755316040059803 1.2426787586756687 1.0909582484508462e-05 
1.1135140560927939 -2.078147270412794 -2.3389863405683506 1.2755316040059803 1.2426787586756696 1.0909582484508462e-05 
1.1135140560927939 -2.0781472704127957 -2.3389863405683524 1.2755316040059794 1.2426787586756687 1.0909582484508462e-05 
1.1135140560927939 -2.078147270412794 -2.3389863405683506 1.2755316040059794 1.242678758675667 1.0909582484508462e-05 
1.1135140560927939 -2.0781472704127957 -2.3389863405683524 1.2755316040059794 1.2426787586756678 1.0909582484508462e-05 
1.1135140560927939 -2.0781472704127957 -2.3389863405683515 1.2755316040059794 1.2426787586756696 1.0909582484508462e-05 
1.1135140560927939 -2.0781472704127957 -2.3389863405683515 1.2755316040059794 1.2426787586756687 1.0909582484508462e-05 
1.1135140560927939 -2.078147270412794 -2.3389863405683515 1.2755316040059794 1.2426787586756687 1.0909582484508462e-05 
1.1135140560927939 -2.078147270412795 -2.3389863405683506 1.2755316040059794 1.2426787586756687 1.0909582484508462e-05 
1.1135140560927939 -2.0781472704127957 -2.3389863405683506 1.2755316040059794 1.2426787586756687 1.0909582484508462e-05 
1.1135140560927939 -2.0781472704127957 -2.3389863405683524 1.2755316040059785 1.242678758675667 1.0909582484508462e-05 
1.1135140560927939 -2.078147270412794 -2.3389863405683515 1.2755316040059794 1.2426787586756678 1.090958248539664e-05 
1.1135140560927939 -2.078147270412794 -2.3389863405683506 1.2755316040059794 1.2426787586756687 1.0909582484508462e-05 
1.1135140560927939 -2.078147270412794 -2.3389863405683515 1.2755316040059803 1.2426787586756687 1.0909582484508462e-05 
1.1135140560927939 -2.078147270412794 -2.3389863405683524 1.2755316040059794 1.2426787586756687 1.0909582484508462e-05 
1.1135140560927939 -2.078147270412794 -2.3389863405683515 1.2755316040059794 1.2426787586756687 1.0909582484508462e-05 
1.1135140560927939 -2.078147270412794 -2.3389863405683506 1.2755316040059794 1.2426787586756687 1.0909582484508462e-05 
1.1135140560927939 -2.078147270412794 -2.3389863405683515 1.2755316040059803 1.2426787586756687 1.0909582484508462e-05 
1.1135140560927939 -2.0781472704127957 -2.3389863405683524 1.2755316040059794 1.2426787586756687 1.0909582484508462e-05 
1.1135140560927939 -2.078147270412794 -2.3389863405683515 1.2755316040059794 1.2426787586756687 1.090958248539664e-05 
1.1135140560927939 -2.078147270412795 -2.3389863405683506 1.2755316040059794 1.2426787586756687 1.0909582484508462e-05 
1.1135140560927939 -2.078147270412794 -2.3389863405683515 1.2755316040059794 1.2426787586756687 1.0909582484508462e-05 
1.1135140560927939 -2.078147270412794 -2.3389863405683515 1.2755316040059794 1.2426787586756687 1.090958248539664e-05 
1.1135140560927939 -2.0781472704127957 -2.3389863405683524 1.2755316040059794 1.2426787586756687 1.0909582484508462e-05 
1.1135140560927939 -2.0781472704127957 -2.3389863405683506 1.2755316040059794 1.2426787586756678 1.0909582484508462e-05 
1.1135140560927939 -2.0781472704127957 -2.3389863405683515 1.2755316040059794 1.2426787586756687 1.0909582484508462e-05 
1.1135140560927939 -2.078147270412795 -2.3389863405683506 1.2755316040059803 1.2426787586756687 1.0909582484508462e-05 
1.1135140560927939 -2.078147270412794 -2.3389863405683524 1.2755316040059794 1.2426787586756687 1.0909582484508462e-05 
1.1135140560927939 -2.078147270412795 -2.3389863405683524 1.2755316040059794 1.2426787586756687 1.0909582484508462e-05 
1.1135140560927939 -2.0781472704127957 -2.3389863405683515 1.2755316040059794 1.242678758675667 1.0909582484508462e-05 
1.1135140560927939 -2.078147270412794 -2.3389863405683506 1.2755316040059794 1.2426787586756687 1.0909582484508462e-05 
1.1135140560927939 -2.078147270412794 -2.3389863405683515 1.2755316040059785 1.2426787586756687 1.0909582484508462e-05 
1.1135140560927939 -2.078147270412794 -2.3389863405683524 1.2755316040059803 1.2426787586756687 1.0909582484508462e-05 
1.1135140560927939 -2.078147270412795 -2.3389863405683524 1.2755316040059794 1.2426787586756687 1.0909582484508462e-05 
1.1135140560927939 -2.078147270412794 -2.3389863405683506 1.2755316040059794 1.2426787586756687 1.090958248539664e-05 
1.1135140560927939 -2.078147270412794 -2.3389863405683524 1.2755316040059794 1.2426787586756687 1.0909582484508462e-05 
1.1135140560927939 -2.078147270412794 -2.3389863405683515 1.2755316040059794 1.2426787586756687 1.0909582484508462e-05 
1.1135140560927939 -2.0781472704127957 -2.3389863405683524 1.2755316040059794 1.2426787586756687 1.0909582484508462e-05 
1.1135140560927939 -2.078147270412794 -2.3389863405683524 1.2755316040059794 1.2426787586756687 1.0909582484508462e-05 
1.1135140560927939 -2.078147270412794 -2.3389863405683524 1.2755316040059794 1.2426787586756687 1.0909582484508462e-05 
1.1135140560927939 -2.078147270412795 -2.3389863405683524 1.2755316040059803 1.2426787586756687 1.0909582484508462e-05 
1.1135140560927939 -2.0781472704127957 -2.3389863405683515 1.2755316040059794 1.2426787586756678 1.0909582484508462e-05 
1.1135140560927939 -2.078147270412795 -2.3389863405683524 1.2755316040059794 1.2426787586756687 1.0909582484508462e-05 
1.1135140560927939 -2.078147270412795 -2.3389863405683515 1.2755316040059794 1.2426787586756687 1.0909582484508462e-05 
1.1135140560927939 -2.078147270412795 -2.3389863405683515 1.2755316040059794 1.2426787586756687 1.0909582484508462e-05 
1.1135140560927939 -2.0781472704127957 -2.3389863405683506 1.2755316040059803 1.2426787586756687 1.0909582484508462e-05 
1.1135140560927939 -2.078147270412794 -2.3389863405683515 1.2755316040059794 1.2426787586756687 1.0909582484508462e-05 
1.1135140560927939 -2.078147270412794 -2.3389863405683515 1.2755316040059785 1.2426787586756678 1.0909582484508462e-05 
1.1135140560927939 -2.0781472704127957 -2.3389863405683506 1.2755316040059785 1.2426787586756687 1.090958248539664e-05 
1.1135140560927939 -2.078147270412794 -2.3389863405683515 1.2755316040059794 1.2426787586756687 1.0909582484508462e-05 
1.1135140560927939 -2.0781472704127957 -2.3389863405683506 1.2755316040059794 1.2426787586756687 1.0909582484508462e-05 
1.1135140560927939 -2.078147270412794 -2.3389863405683506 1.2755316040059794 1.2426787586756678 1.0909582484508462e-05 
1.1135140560927939 -2.0781472704127957 -2.3389863405683515 1.2755316040059803 1.2426787586756687 1.090958248539664e-05 
1.1135140560927939 -2.0781472704127957 -2.3389863405683515 1.2755316040059794 1.2426787586756687 1.0909582484508462e-05 
1.1135140560927939 -2.0781472704127957 -2.3389863405683506 1.2755316040059803 1.2426787586756687 1.0909582484508462e-05 
1.1135140560927939 -2.078147270412794 -2.3389863405683515 1.2755316040059794 1.2426787586756696 1.0909582484508462e-05 
1.1135140560927939 -2.0781472704127957 -2.3389863405683515 1.2755316040059794 1.2426787586756696 1.0909582484508462e-05 
1.1135140560927939 -2.078147270412794 -2.3389863405683515 1.2755316040059794 1.2426787586756687 1.0909582484508462e-05 
1.1135140560927939 -2.0781472704127957 -2.3389863405683506 1.2755316040059794 1.2426787586756687 1.0909582484508462e-05 
1.1135140560927939 -2.078147270412794 -2.3389863405683515 1.2755316040059794 1.2426787586756687 1.0909582484508462e-05 
1.1135140560927939 -2.0781472704127957 -2.3389863405683515 1.2755316040059785 1.2426787586756687 1.0909582484508462e-05 
1.1135140560927939 -2.0781472704127957 -2.3389863405683515 1.2755316040059794 1.2426787586756687 1.0909582484508462e-05 
1.1135140560927939 -2.0781472704127957 -2.3389863405683506 1.2755316040059803 1.2426787586756678 1.0909582484508462e-05 
1.1135140560927939 -2.078147270412795 -2.3389863405683524 1.2755316040059794 1.2426787586756687 1.0909582484508462e-05 
1.1135140560927939 -2.078147270412794 -2.3389863405683515 1.2755316040059794 1.2426787586756678 1.0909582484508462e-05 
1.1135140560927939 -2.078147270412795 -2.3389863405683506 1.2755316040059785 1.2426787586756687 1.0909582484508462e-05 
1.1135140560927939 -2.0781472704127957 -2.3389863405683515 1.2755316040059794 1.2426787586756687 1.0909582484508462e-05 
1.1135140560927939 -2.0781472704127957 -2.3389863405683524 1.2755316040059785 1.2426787586756687 1.0909582484508462e-05 
1.1135140560927939 -2.078147270412794 -2.3389863405683515 1.2755316040059794 1.2426787586756687 1.090958248539664e-05 
1.1135140560927939 -2.0781472704127957 -2.3389863405683524 1.2755316040059794 1.2426787586756687 1.0909582484508462e-05 
1.1135140560927939 -2.078147270412794 -2.3389863405683524 1.2755316040059785 1.2426787586756678 1.0909582484508462e-05 
1.1135140560927939 -2.0781472704127957 -2.3389863405683524 1.2755316040059794 1.2426787586756696 1.0909582484508462e-05 
1.1135140560927939 -2.078147270412794 -2.3389863405683524 1.2755316040059785 1.2426787586756687 1.090958248539664e-05 
1.1135140560927939 -2.078147270412794 -2.3389863405683515 1.2755316040059803 1.2426787586756678 1.0909582484508462e-05 
1.1135140560927939 -2.078147270412795 -2.3389863405683515 1.2755316040059794 1.2426787586756687 1.0909582484508462e-05 
1.1135140560927939 -2.078147270412794 -2.3389863405683515 1.2755316040059794 1.2426787586756687 1.090958248539664e-05 
1.1135140560927939 -2.078147270412794 -2.3389863405683515 1.2755316040059803 1.2426787586756687 1.0909582484508462e-05 
1.1135140560927939 -2.078147270412794 -2.3389863405683515 1.2755316040059785 1.2426787586756687 1.0909582484508462e-05 
1.1135140560927939 -2.078147270412795 -2.3389863405683515 1.2755316040059794 1.2426787586756687 1.0909582484508462e-05 
1.1135140560927939 -2.078147270412794 -2.3389863405683515 1.2755316040059794 1.2426787586756687 1.0909582484508462e-05 
1.1135140560927939 -2.078147270412795 -2.3389863405683515 1.2755316040059794 1.2426787586756687 1.0909582484508462e-05 
1.1135140560927939 -2.0781472704127957 -2.3389863405683524 1.2755316040059803 1.2426787586756696 1.090958248539664e-05 
1.1135140560927939 -2.078147270412795 -2.3389863405683524 1.2755316040059794 1.2426787586756687 1.0909582484508462e-05 
1.1135140560927939 -2.078147270412795 -2.3389863405683524 1.2755316040059803 1.2426787586756678 1.0909582484508462e-05 
1.1135140560927939 -2.078147270412795 -2.3389863405683515 1.2755316040059794 1.2426787586756687 1.0909582484508462e-05 
1.1135140560927939 -2.078147270412794 -2.3389863405683506 1.2755316040059785 1.2426787586756687 1.0909582484508462e-05 
1.1135140560927939 -2.0781472704127957 -2.3389863405683506 1.2755316040059803 1.2426787586756678 1.0909582484508462e-05 
1.1135140560927939 -2.078147270412794 -2.3389863405683524 1.2755316040059794 1.2426787586756678 1.0909582484508462e-05 
1.1135140560927939 -2.078147270412794 -2.3389863405683515 1.2755316040059803 1.2426787586756687 1.090958248539664e-05 
1.1135140560927939 -2.0781472704127957 -2.3389863405683506 1.2755316040059794 1.2426787586756687 1.0909582484508462e-05 
1.1135140560927939 -2.078147270412794 -2.3389863405683515 1.2755316040059785 1.2426787586756687 1.0909582484508462e-05 
1.1135140560927939 -2.0781472704127957 -2.3389863405683515 1.2755316040059785 1.2426787586756696 1.0909582484508462e-05 
1.1135140560927939 -2.0781472704127957 -2.3389863405683524 1.2755316040059794 1.2426787586756687 1.0909582484508462e-05 
1.1135140560927939 -2.0781472704127957 -2.3389863405683515 1.2755316040059803 1.2426787586756687 1.0909582484508462e-05 
1.1135140560927939 -2.078147270412794 -2.3389863405683515 1.2755316040059803 1.2426787586756687 1.0909582484508462e-05 
1.1135140560927939 -2.078147270412795 -2.3389863405683515 1.2755316040059794 1.242678758675667 1.0909582484508462e-05 
1.1135140560927939 -2.0781472704127957 -2.3389863405683515 1.2755316040059794 1.2426787586756678 1.0909582484508462e-05 
1.1135140560927939 -2.078147270412794 -2.3389863405683515 1.2755316040059794 1.242678758675667 1.0909582484508462e-05 
1.1135140560927939 -2.0781472704127957 -2.3389863405683524 1.2755316040059794 1.2426787586756696 1.0909582484508462e-05 
1.1135140560927939 -2.0781472704127957 -2.3389863405683506 1.2755316040059794 1.2426787586756678 1.090958248539664e-05 
1.1135140560927939 -2.078147270412795 -2.3389863405683515 1.2755316040059785 1.2426787586756687 1.090958248539664e-05 
1.1135140560927939 -2.078147270412794 -2.3389863405683524 1.2755316040059794 1.2426787586756687 1.0909582484508462e-05 
1.1135140560927939 -2.078147270412794 -2.3389863405683524 1.2755316040059794 1.242678758675667 1.0909582484508462e-05 
1.1135140560927939 -2.0781472704127957 -2.3389863405683506 1.2755316040059794 1.2426787586756687 1.0909582484508462e-05 
1.1135140560927939 -2.078147270412794 -2.3389863405683506 1.2755316040059794 1.2426787586756687 1.0909582484508462e-05 
1.1135140560927939 -2.078147270412794 -2.3389863405683524 1.2755316040059785 1.2426787586756687 1.0909582484508462e-05 
1.1135140560927939 -2.0781472704127957 -2.3389863405683515 1.2755316040059785 1.2426787586756687 1.0909582484508462e-05 
1.1135140560927939 -2.0781472704127957 -2.3389863405683515 1.2755316040059794 1.2426787586756687 1.0909582484508462e-05 
1.1135140560927939 -2.0781472704127957 -2.3389863405683506 1.2755316040059794 1.2426787586756687 1.090958248539664e-05 
1.1135140560927939 -2.0781472704127957 -2.3389863405683515 1.2755316040059794 1.2426787586756687 1.0909582484508462e-05 
1.1135140560927939 -2.078147270412795 -2.3389863405683506 1.2755316040059794 1.2426787586756687 1.0909582484508462e-05 
1.1135140560927939 -2.0781472704127957 -2.3389863405683524 1.2755316040059794 1.2426787586756678 1.090958248539664e-05 
1.1135140560927939 -2.078147270412795 -2.3389863405683506 1.2755316040059794 1.2426787586756678 1.0909582484508462e-05 
1.1135140560927939 -2.078147270412794 -2.3389863405683506 1.2755316040059794 1.2426787586756687 1.0909582484508462e-05 
1.1135140560927939 -2.078147270412794 -2.3389863405683506 1.2755316040059794 1.2426787586756687 1.0909582484508462e-05 
1.1135140560927939 -2.0781472704127957 -2.3389863405683515 1.2755316040059803 1.2426787586756687 1.0909582484508462e-05 
1.1135140560927939 -2.078147270412794 -2.3389863405683506 1.2755316040059785 1.2426787586756687 1.0909582484508462e-05 
1.1135140560927939 -2.078147270412794 -2.3389863405683524 1.2755316040059794 1.2426787586756687 1.0909582484508462e-05 
1.1135140560927939 -2.0781472704127957 -2.3389863405683515 1.2755316040059803 1.2426787586756687 1.0909582484508462e-05 
1.1135140560927939 -2.078147270412794 -2.3389863405683506 1.2755316040059803 1.2426787586756687 1.0909582484508462e-05 
1.1135140560927939 -2.078147270412794 -2.3389863405683515 1.2755316040059785 1.2426787586756687 1.0909582484508462e-05 
1.1135140560927939 -2.078147270412794 -2.3389863405683524 1.2755316040059785 1.2426787586756687 1.090958248539664e-05 
1.1135140560927939 -2.078147270412794 -2.3389863405683524 1.2755316040059794 1.2426787586756696 1.0909582484508462e-05 
1.1135140560927939 -2.078147270412794 -2.3389863405683506 1.2755316040059803 1.242678758675667 1.0909582484508462e-05 
1.1135140560927939 -2.078147270412795 -2.3389863405683515 1.2755316040059794 1.2426787586756687 1.0909582484508462e-05 
1.1135140560927939 -2.078147270412794 -2.3389863405683515 1.2755316040059803 1.2426787586756678 1.0909582484508462e-05 
1.1135140560927939 -2.0781472704127957 -2.3389863405683515 1.2755316040059794 1.2426787586756687 1.0909582484508462e-05 
1.1135140560927939 -2.078147270412794 -2.3389863405683515 1.2755316040059794 1.2426787586756687 1.090958248539664e-05 
1.1135140560927939 -2.078147270412794 -2.3389863405683515 1.2755316040059803 1.2426787586756687 1.0909582484508462e-05 
1.1135140560927939 -2.0781472704127957 -2.3389863405683515 1.2755316040059785 1.2426787586756678 1.0909582484508462e-05 
1.1135140560927939 -2.078147270412794 -2.3389863405683515 1.2755316040059785 1.2426787586756687 1.0909582484508462e-05 
1.1135140560927939 -2.0781472704127957 -2.3389863405683524 1.2755316040059794 1.2426787586756687 1.0909582484508462e-05 
1.1135140560927939 -2.0781472704127957 -2.3389863405683506 1.2755316040059794 1.2426787586756687 1.0909582484508462e-05 
1.1135140560927939 -2.078147270412794 -2.3389863405683506 1.2755316040059803 1.242678758675667 1.0909582484508462e-05 
1.1135140560927939 -2.078147270412794 -2.3389863405683506 1.2755316040059794 1.2426787586756687 1.090958248539664e-05 
1.1135140560927939 -2.078147270412794 -2.3389863405683506 1.2755316040059794 1.2426787586756678 1.0909582484508462e-05 
1.1135140560927939 -2.0781472704127957 -2.3389863405683515 1.2755316040059794 1.2426787586756687 1.0909582484508462e-05 
1.1135140560927939 -2.078147270412794 -2.3389863405683524 1.2755316040059803 1.2426787586756696 1.090958248539664e-05 
1.1135140560927939 -2.078147270412794 -2.3389863405683506 1.2755316040059785 1.2426787586756687 1.090958248539664e-05 
1.1135140560927939 -2.078147270412795 -2.3389863405683506 1.2755316040059803 1.2426787586756687 1.0909582484508462e-05 
1.1135140560927939 -2.078147270412795 -2.3389863405683524 1.2755316040059803 1.2426787586756678 1.0909582484508462e-05 
1.1135140560927939 -2.078147270412794 -2.3389863405683524 1.2755316040059794 1.2426787586756687 1.0909582484508462e-05 
1.1135140560927939 -2.078147270412794 -2.3389863405683506 1.2755316040059803 1.2426787586756687 1.0909582484508462e-05 
1.1135140560927939 -2.078147270412794 -2.3389863405683506 1.2755316040059794 1.2426787586756687 1.0909582484508462e-05 
1.1135140560927939 -2.078147270412794 -2.3389863405683506 1.2755316040059803 1.2426787586756687 1.0909582484508462e-05 
1.1135140560927939 -2.078147270412795 -2.3389863405683506 1.2755316040059803 1.2426787586756687 1.0909582484508462e-05 
1.1135140560927939 -2.078147270412795 -2.3389863405683524 1.2755316040059785 1.2426787586756687 1.090958248539664e-05 
1.1135140560927939 -2.0781472704127957 -2.3389863405683515 1.2755316040059794 1.2426787586756687 1.0909582484508462e-05 
1.1135140560927939 -2.0781472704127957 -2.3389863405683515 1.2755316040059794 1.2426787586756687 1.090958248539664e-05 
1.1135140560927939 -2.078147270412794 -2.3389863405683506 1.2755316040059794 1.2426787586756687 1.0909582484508462e-05 
1.1135140560927939 -2.078147270412794 -2.3389863405683515 1.2755316040059785 1.2426787586756687 1.0909582484508462e-05 
1.1135140560927939 -2.078147270412795 -2.3389863405683515 1.2755316040059803 1.2426787586756687 1.0909582484508462e-05 
1.1135140560927939 -2.0781472704127957 -2.3389863405683506 1.2755316040059794 1.2426787586756687 1.090958248539664e-05 
1.1135140560927939 -2.0781472704127957 -2.3389863405683506 1.2755316040059794 1.2426787586756678 1.090958248539664e-05 
1.1135140560927939 -2.0781472704127957 -2.3389863405683515 1.2755316040059803 1.2426787586756678 1.0909582484508462e-05 
1.1135140560927939 -2.0781472704127957 -2.3389863405683515 1.2755316040059803 1.2426787586756687 1.0909582484508462e-05 
1.1135140560927939 -2.078147270412794 -2.3389863405683515 1.2755316040059794 1.2426787586756687 1.0909582484508462e-05 
1.1135140560927939 -2.078147270412794 -2.3389863405683524 1.2755316040059803 1.2426787586756687 1.0909582484508462e-05 
1.1135140560927939 -2.078147270412795 -2.3389863405683506 1.2755316040059794 1.2426787586756687 1.0909582484508462e-05 
1.1135140560927939 -2.0781472704127957 -2.3389863405683515 1.2755316040059785 1.2426787586756687 1.0909582484508462e-05 
1.1135140560927939 -2.078147270412795 -2.3389863405683506 1.2755316040059785 1.2426787586756678 1.0909582484508462e-05 
1.1135140560927939 -2.078147270412794 -2.3389863405683524 1.2755316040059794 1.2426787586756678 1.0909582484508462e-05 
1.1135140560927939 -2.078147270412794 -2.3389863405683524 1.2755316040059785 1.2426787586756687 1.0909582484508462e-05 
1.1135140560927939 -2.0781472704127957 -2.3389863405683524 1.2755316040059794 1.2426787586756687 1.0909582484508462e-05 
1.1135140560927939 -2.078147270412795 -2.3389863405683515 1.2755316040059794 1.2426787586756687 1.0909582484508462e-05 
1.1135140560927939 -2.0781472704127957 -2.3389863405683515 1.2755316040059785 1.2426787586756687 1.090958248539664e-05 
1.1135140560927939 -2.0781472704127957 -2.3389863405683515 1.2755316040059785 1.2426787586756687 1.0909582484508462e-05 
1.1135140560927939 -2.0781472704127957 -2.3389863405683515 1.2755316040059785 1.2426787586756687 1.0909582484508462e-05 
1.1135140560927939 -2.078147270412794 -2.3389863405683515 1.2755316040059794 1.2426787586756687 1.0909582484508462e-05 
1.1135140560927939 -2.0781472704127957 -2.3389863405683515 1.2755316040059803 1.2426787586756687 1.0909582484508462e-05 
1.1135140560927939 -2.078147270412794 -2.3389863405683515 1.2755316040059785 1.2426787586756687 1.0909582484508462e-05 
1.1135140560927939 -2.0781472704127957 -2.3389863405683515 1.2755316040059794 1.2426787586756678 1.0909582484508462e-05 
1.1135140560927939 -2.078147270412794 -2.3389863405683515 1.2755316040059794 1.2426787586756687 1.090958248539664e-05 
1.1135140560927939 -2.078147270412794 -2.3389863405683506 1.2755316040059794 1.2426787586756687 1.0909582484508462e-05 
1.1135140560927939 -2.0781472704127957 -2.3389863405683515 1.2755316040059794 1.2426787586756687 1.0909582484508462e-05 
1.1135140560927939 -2.078147270412794 -2.3389863405683506 1.2755316040059803 1.2426787586756687 1.0909582484508462e-05 
1.1135140560927939 -2.0781472704127957 -2.3389863405683515 1.2755316040059794 1.2426787586756696 1.0909582484508462e-05 
1.1135140560927939 -2.0781472704127957 -2.3389863405683515 1.2755316040059794 1.2426787586756687 1.0909582484508462e-05 
1.1135140560927939 -2.078147270412794 -2.3389863405683515 1.2755316040059794 1.2426787586756687 1.0909582484508462e-05 
1.1135140560927939 -2.0781472704127957 -2.3389863405683524 1.2755316040059794 1.2426787586756687 1.0909582484508462e-05 
1.1135140560927939 -2.078147270412794 -2.3389863405683515 1.2755316040059803 1.242678758675667 1.0909582484508462e-05 
1.1135140560927939 -2.078147270412794 -2.3389863405683506 1.2755316040059803 1.2426787586756687 1.0909582484508462e-05 
1.1135140560927939 -2.0781472704127957 -2.3389863405683506 1.2755316040059794 1.2426787586756687 1.0909582484508462e-05 
1.1135140560927939 -2.078147270412794 -2.3389863405683515 1.2755316040059803 1.2426787586756687 1.090958248539664e-05 
1.1135140560927939 -2.078147270412795 -2.3389863405683515 1.2755316040059785 1.2426787586756687 1.0909582484508462e-05 
1.1135140560927939 -2.0781472704127957 -2.3389863405683515 1.2755316040059803 1.2426787586756687 1.0909582484508462e-05 
1.1135140560927939 -2.078147270412795 -2.3389863405683515 1.2755316040059803 1.2426787586756687 1.090958248539664e-05 
1.1135140560927939 -2.0781472704127957 -2.3389863405683524 1.2755316040059785 1.2426787586756687 1.0909582484508462e-05 
1.1135140560927939 -2.0781472704127957 -2.3389863405683515 1.2755316040059794 1.2426787586756687 1.0909582484508462e-05 
1.1135140560927939 -2.078147270412795 -2.3389863405683524 1.2755316040059803 1.2426787586756687 1.0909582484508462e-05 
1.1135140560927939 -2.078147270412794 -2.3389863405683524 1.2755316040059785 1.2426787586756687 1.0909582484508462e-05 
1.1135140560927939 -2.0781472704127957 -2.3389863405683506 1.2755316040059794 1.2426787586756687 1.0909582484508462e-05 
1.1135140560927939 -2.078147270412794 -2.3389863405683515 1.2755316040059803 1.2426787586756687 1.0909582484508462e-05 
1.1135140560927939 -2.078147270412794 -2.3389863405683524 1.2755316040059785 1.2426787586756687 1.0909582484508462e-05 
1.1135140560927939 -2.0781472704127957 -2.3389863405683524 1.2755316040059803 1.2426787586756687 1.0909582484508462e-05 
1.1135140560927939 -2.078147270412794 -2.3389863405683515 1.2755316040059794 1.2426787586756687 1.0909582484508462e-05 
1.1135140560927939 -2.078147270412794 -2.3389863405683515 1.2755316040059794 1.2426787586756687 1.0909582484508462e-05 
1.1135140560927939 -2.078147270412795 -2.3389863405683506 1.2755316040059794 1.2426787586756678 1.0909582484508462e-05 
1.1135140560927939 -2.0781472704127957 -2.3389863405683515 1.2755316040059794 1.2426787586756687 1.0909582484508462e-05 
1.1135140560927939 -2.0781472704127957 -2.3389863405683515 1.2755316040059794 1.2426787586756687 1.0909582484508462e-05 
1.1135140560927939 -2.078147270412795 -2.3389863405683506 1.2755316040059794 1.2426787586756687 1.0909582484508462e-05 
1.1135140560927939 -2.078147270412794 -2.3389863405683515 1.2755316040059794 1.2426787586756687 1.0909582484508462e-05 
1.1135140560927939 -2.078147270412794 -2.3389863405683506 1.2755316040059794 1.2426787586756687 1.0909582484508462e-05 
1.1135140560927939 -2.078147270412794 -2.3389863405683515 1.2755316040059794 1.2426787586756696 1.0909582484508462e-05 
1.1135140560927939 -2.078147270412795 -2.3389863405683515 1.2755316040059794 1.2426787586756687 1.0909582484508462e-05 
1.1135140560927939 -2.0781472704127957 -2.3389863405683506 1.2755316040059803 1.2426787586756687 1.090958248539664e-05 
1.1135140560927939 -2.078147270412794 -2.3389863405683506 1.2755316040059803 1.2426787586756687 1.0909582484508462e-05 
1.1135140560927939 -2.0781472704127957 -2.3389863405683506 1.2755316040059794 1.2426787586756687 1.0909582484508462e-05 
1.1135140560927939 -2.078147270412794 -2.3389863405683515 1.2755316040059794 1.2426787586756696 1.0909582484508462e-05 
1.1135140560927939 -2.078147270412794 -2.3389863405683515 1.2755316040059794 1.2426787586756696 1.0909582484508462e-05 
1.1135140560927939 -2.078147270412795 -2.3389863405683524 1.2755316040059794 1.2426787586756705 1.090958248539664e-05 
1.1135140560927939 -2.078147270412795 -2.3389863405683524 1.2755316040059794 1.2426787586756687 1.0909582484508462e-05 
1.1135140560927939 -2.078147270412795 -2.3389863405683515 1.2755316040059794 1.2426787586756687 1.090958248539664e-05 
1.1135140560927939 -2.0781472704127957 -2.3389863405683515 1.2755316040059794 1.2426787586756678 1.090958248539664e-05 
1.1135140560927939 -2.0781472704127957 -2.3389863405683506 1.2755316040059794 1.2426787586756696 1.0909582484508462e-05 
1.1135140560927939 -2.0781472704127957 -2.3389863405683515 1.2755316040059794 1.2426787586756687 1.0909582484508462e-05 
1.1135140560927939 -2.0781472704127957 -2.3389863405683506 1.2755316040059794 1.2426787586756687 1.090958248539664e-05 
1.1135140560927939 -2.078147270412794 -2.3389863405683506 1.2755316040059803 1.2426787586756687 1.0909582484508462e-05 
1.1135140560927939 -2.078147270412795 -2.3389863405683515 1.2755316040059803 1.2426787586756687 1.0909582484508462e-05 
1.1135140560927939 -2.078147270412794 -2.3389863405683506 1.2755316040059803 1.2426787586756687 1.0909582484508462e-05 
1.1135140560927939 -2.0781472704127957 -2.3389863405683515 1.2755316040059794 1.2426787586756687 1.0909582484508462e-05 
1.1135140560927939 -2.078147270412794 -2.3389863405683506 1.2755316040059794 1.2426787586756687 1.0909582484508462e-05 
1.1135140560927939 -2.0781472704127957 -2.3389863405683524 1.2755316040059794 1.2426787586756687 1.0909582484508462e-05 
1.1135140560927939 -2.0781472704127957 -2.3389863405683515 1.2755316040059794 1.2426787586756687 1.0909582484508462e-05 
1.1135140560927939 -2.078147270412794 -2.3389863405683506 1.2755316040059794 1.2426787586756687 1.0909582484508462e-05 
1.1135140560927939 -2.078147270412794 -2.3389863405683515 1.2755316040059794 1.2426787586756687 1.0909582484508462e-05 
1.1135140560927939 -2.0781472704127957 -2.3389863405683506 1.2755316040059794 1.2426787586756687 1.0909582484508462e-05 
1.1135140560927939 -2.078147270412794 -2.3389863405683515 1.2755316040059794 1.2426787586756687 1.0909582484508462e-05 
1.1135140560927939 -2.0781472704127957 -2.3389863405683515 1.2755316040059794 1.2426787586756696 1.0909582484508462e-05 
1.1135140560927939 -2.0781472704127957 -2.3389863405683515 1.2755316040059794 1.2426787586756687 1.0909582484508462e-05 
1.1135140560927939 -2.078147270412794 -2.3389863405683515 1.2755316040059794 1.2426787586756687 1.0909582484508462e-05 
1.1135140560927939 -2.078147270412795 -2.3389863405683524 1.2755316040059794 1.2426787586756687 1.090958248539664e-05 
1.1135140560927939 -2.078147270412794 -2.3389863405683515 1.2755316040059794 1.2426787586756687 1.090958248539664e-05 
1.1135140560927939 -2.0781472704127957 -2.3389863405683515 1.2755316040059794 1.2426787586756678 1.0909582484508462e-05 
1.1135140560927939 -2.078147270412794 -2.3389863405683524 1.2755316040059794 1.2426787586756687 1.0909582484508462e-05 
1.1135140560927939 -2.078147270412794 -2.3389863405683515 1.2755316040059794 1.2426787586756687 1.0909582484508462e-05 
1.1135140560927939 -2.078147270412794 -2.3389863405683506 1.2755316040059794 1.2426787586756687 1.0909582484508462e-05 
1.1135140560927939 -2.078147270412795 -2.3389863405683515 1.2755316040059785 1.242678758675667 1.0909582484508462e-05 
1.1135140560927939 -2.078147270412794 -2.3389863405683524 1.2755316040059803 1.2426787586756687 1.0909582484508462e-05 
1.1135140560927939 -2.078147270412794 -2.3389863405683524 1.2755316040059794 1.2426787586756678 1.090958248539664e-05 
1.1135140560927939 -2.078147270412794 -2.3389863405683515 1.2755316040059794 1.2426787586756696 1.0909582484508462e-05 
1.1135140560927939 -2.078147270412794 -2.3389863405683506 1.2755316040059803 1.2426787586756687 1.0909582484508462e-05 
1.1135140560927939 -2.078147270412794 -2.3389863405683515 1.2755316040059794 1.2426787586756678 1.0909582484508462e-05 
1.1135140560927939 -2.0781472704127957 -2.3389863405683506 1.2755316040059794 1.2426787586756687 1.0909582484508462e-05 
1.1135140560927939 -2.0781472704127957 -2.3389863405683515 1.2755316040059794 1.2426787586756687 1.0909582484508462e-05 
1.1135140560927939 -2.078147270412794 -2.3389863405683524 1.2755316040059803 1.2426787586756687 1.0909582484508462e-05 
1.1135140560927939 -2.078147270412794 -2.3389863405683515 1.2755316040059794 1.242678758675667 1.090958248539664e-05 
1.1135140560927939 -2.078147270412794 -2.3389863405683524 1.2755316040059803 1.2426787586756687 1.0909582484508462e-05 
1.1135140560927939 -2.078147270412794 -2.3389863405683515 1.2755316040059803 1.2426787586756687 1.0909582484508462e-05 
1.1135140560927939 -2.078147270412794 -2.3389863405683515 1.2755316040059794 1.2426787586756687 1.0909582484508462e-05 
1.1135140560927939 -2.078147270412794 -2.3389863405683515 1.2755316040059794 1.2426787586756687 1.0909582484508462e-05 
1.1135140560927939 -2.0781472704127957 -2.3389863405683524 1.2755316040059794 1.2426787586756687 1.0909582484508462e-05 
1.1135140560927939 -2.078147270412794 -2.3389863405683515 1.2755316040059803 1.2426787586756687 1.0909582484508462e-05 
1.1135140560927939 -2.0781472704127957 -2.3389863405683515 1.2755316040059794 1.2426787586756687 1.0909582484508462e-05 
1.1135140560927939 -2.078147270412795 -2.3389863405683515 1.2755316040059794 1.2426787586756687 1.0909582484508462e-05 
1.1135140560927939 -2.0781472704127957 -2.3389863405683506 1.2755316040059803 1.2426787586756687 1.0909582484508462e-05 
1.1135140560927939 -2.078147270412795 -2.3389863405683506 1.2755316040059785 1.2426787586756687 1.0909582484508462e-05 
1.1135140560927939 -2.0781472704127957 -2.3389863405683515 1.2755316040059794 1.2426787586756687 1.0909582484508462e-05 
1.1135140560927939 -2.078147270412794 -2.3389863405683515 1.2755316040059794 1.2426787586756687 1.0909582484508462e-05 
1.1135140560927939 -2.078147270412794 -2.3389863405683506 1.2755316040059794 1.2426787586756687 1.0909582484508462e-05 
1.1135140560927939 -2.078147270412795 -2.3389863405683515 1.2755316040059794 1.2426787586756687 1.0909582484508462e-05 
1.1135140560927939 -2.078147270412794 -2.3389863405683515 1.2755316040059785 1.2426787586756687 1.0909582484508462e-05 
1.1135140560927939 -2.078147270412794 -2.3389863405683506 1.2755316040059803 1.2426787586756687 1.0909582484508462e-05 
1.1135140560927939 -2.078147270412794 -2.3389863405683515 1.2755316040059794 1.2426787586756687 1.0909582484508462e-05 
1.1135140560927939 -2.078147270412794 -2.3389863405683515 1.2755316040059794 1.2426787586756687 1.0909582484508462e-05 
1.1135140560928019 -2.078147262599062 -2.338986340647656 1.2755315962716045 1.242678758675667 1.0909582509377458e-05 
1.1135140560928365 -2.0781472079967003 -2.3389863412018386 1.2755315422238205 1.2426787586756571 1.0909582727869349e-05 
1.113514056092903 -2.0781470600747145 -2.338986342703146 1.2755313958042658 1.2426787586756314 1.0909583347817886e-05 
1.1135140560929813 -2.078146772582695 -2.338986345620939 1.2755311112323016 1.242678758675578 1.0909584575280462e-05 
1.1135140560942185 -2.078145595288257 -2.3389863575687215 1.2755299458934823 1.242678758675405 1.090958733573899e-05 
1.1135140560940942 -2.078144614381565 -2.3389863675225797 1.2755289749487568 1.242678758675189 1.0909592230490261e-05 
1.113514056094222 -2.0781433116986294 -2.3389863807404083 1.275527685494187 1.2426787586749528 1.090959791305579e-05 
1.1135140560943002 -2.0781416423837484 -2.338986397676205 1.2755260331287293 1.24267875867465 1.0909605038911252e-05 
1.1135140560941155 -2.078139561858489 -2.3389864187805625 1.2755239737252912 1.2426787586742742 1.0909614340803842e-05 
1.1135140560939085 -2.0781370258222083 -2.3389864445005504 1.2755214634301337 1.2426787586738133 1.0909625024702052e-05 
1.1135140560978725 -2.0781304114000134 -2.338986511557179 1.27551491611226 1.2426787586726498 1.090964564109953e-05 
1.1135140560971708 -2.078126245784249 -2.3389865537688523 1.2755107927432707 1.2426787586718602 1.090966393491044e-05 
1.1135140560961103 -2.078121450210693 -2.3389866023458525 1.275506045787841 1.2426787586709853 1.0909686825932852e-05 
1.1135140560952133 -2.0781159817564303 -2.338986657715034 1.2755006327489067 1.242678758669987 1.0909710282724916e-05 
1.1135140560937682 -2.0781097977697955 -2.3389867202985446 1.2754945113987128 1.2426787586688652 1.0909737212294601e-05 
1.113514056105597 -2.0780951139885797 -2.3389868687723263 1.2754799761936502 1.2426787586666252 1.0909773875411588e-05 
1.1135140561012813 -2.0780865302355735 -2.3389869554815776 1.2754714792249873 1.2426787586647192 1.0909816789528293e-05 
1.1135140560989774 -2.0780770630809116 -2.338987051041949 1.2754621077112231 1.24267875866291 1.0909858717766951e-05 
1.113514056095867 -2.078066671233217 -2.3389871558484554 1.2754518207601988 1.2426787586610075 1.0909908819911607e-05 
1.1135140560922752 -2.078055313677222 -2.3389872702897776 1.2754405777441926 1.2426787586589434 1.0909959650362566e-05 
1.1135140560884125 -2.0780429496674975 -2.338987394747969 1.2754283382995162 1.2426787586566892 1.0910012212761444e-05 
1.1135140561006516 -2.0780150406842264 -2.338987675208325 1.2754007099838134 1.242678758651623 1.0910106140293863e-05 
1.1135140560923409 -2.0779994155285344 -2.3389878319382182 1.2753852416998432 1.2426787586487675 1.0910186623469542e-05 
1.1135140561067045 -2.0779646256456896 -2.338988180158924 1.27535080029823 1.2426787586426267 1.0910299404365276e-05 
1.1135140560949974 -2.0779453823346143 -2.338988372328677 1.275331749331941 1.2426787586389123 1.0910396400554134e-05 
1.1135140561182304 -2.0779030047721214 -2.3389887944168386 1.2752897941717825 1.242678758632441 1.0910520526152823e-05 
1.1135140561002697 -2.0778797935281528 -2.338989024959509 1.2752668136816716 1.2426787586271972 1.0910637089800446e-05 
1.1135140560852976 -2.0778551831559975 -2.33898926889914 1.2752424474731932 1.2426787586224561 1.0910767465510673e-05 
1.1135140560759904 -2.0778291358688668 -2.338989526521808 1.2752166580347026 1.242678758617691 1.09108788679535e-05 
1.1135140561154087 -2.0777725807377525 -2.3389900839033055 1.2751606606885533 1.2426787586090198 1.0911027348292635e-05 
1.1135140560833712 -2.0777419985164336 -2.3389903841773263 1.2751303790351747 1.2426787586018069 1.0911218596199035e-05 
1.1135140561244343 -2.0776760413401885 -2.33899102908108 1.2750650672420365 1.2426787585916896 1.0911400530666526e-05 
1.113514056076209 -2.0776405935380335 -2.338991374150809 1.2750299648705576 1.2426787585833514 1.0911643362199186e-05 
1.113514056047749 -2.0776034516606527 -2.3389917345669824 1.2749931837571893 1.2426787585765497 1.0911814934289055e-05 
1.1135140560816845 -2.0775239432734 -2.338992502164989 1.2749144435567086 1.2426787585624295 1.091205707126619e-05 
1.1135140560618275 -2.077481506053674 -2.3389929096701323 1.2748724142151415 1.2426787585542538 1.091224756599729e-05 
1.1135140560423897 -2.077437233561632 -2.338993333169234 1.2748285656135385 1.2426787585461092 1.0912461652523575e-05 
1.113514056076447 -2.0773430445854597 -2.3389942286232914 1.2747352728061916 1.242678758529495 1.0912782111738295e-05 
1.1135140560413932 -2.0772930594749752 -2.338994700772038 1.2746857603059798 1.2426787585198094 1.091303588296455e-05 
1.113514056019958 -2.0772411021246615 -2.3389951893021355 1.2746342919402887 1.2426787585102712 1.0913257837863455e-05 
1.1135140559979773 -2.0771871389122483 -2.3389956942662513 1.274580834165472 1.2426787585004089 1.0913497497710978e-05 
1.1135140559804482 -2.077131136509758 -2.3389962156983426 1.2745253536762107 1.2426787584901415 1.0913729567185726e-05 
1.1135140559645658 -2.0770730618306725 -2.3389967536129532 1.2744678174072046 1.2426787584794932 1.0913968370829252e-05 
1.113514056055518 -2.0769505647725683 -2.338997878848172 1.2743464464489112 1.2426787584606291 1.0914278307794234e-05 
1.1135140560032273 -2.076886077318046 -2.338998466099465 1.27428254683781 1.242678758445412 1.091464238278661e-05 
1.113514055979243 -2.0768193878672845 -2.3389990696872154 1.2742164615559988 1.2426787584331151 1.0914946403595138e-05 
1.1135140559515246 -2.0767504645966364 -2.338999689523659 1.274148158729278 1.2426787584205412 1.0915263626287697e-05 
1.1135140559288708 -2.0766792759898998 -2.3390003254972935 1.2740776067103905 1.2426787584074992 1.0915561878377389e-05 
1.1135140559081922 -2.0766057907602473 -2.3390009774734395 1.2740047740860767 1.2426787583940273 1.0915867002303514e-05 
1.1135140560169576 -2.076451806787004 -2.3390023287761528 1.2738521425137828 1.2426787583703014 1.0916263227578327e-05 
1.1135140559631385 -2.0763712465302255 -2.3390030277168252 1.2737722819189985 1.2426787583519907 1.091667466113222e-05 
1.1135140559216614 -2.0762882670819387 -2.3390037418804024 1.2736900173756966 1.2426787583359369 1.0917094614093514e-05 
1.113514055900823 -2.076202838474721 -2.3390044710109565 1.273605318624485 1.2426787583202419 1.0917437561097643e-05 
1.1135140558689312 -2.0761149309024187 -2.33900521482541 1.2735181556367419 1.242678758304205 1.0917842802271593e-05 
1.113514055834301 -2.07602451489025 -2.339005973014091 1.2734284986061981 1.2426787582876608 1.0918235155976674e-05 
1.1135140558062533 -2.0759315612123324 -2.339006745240204 1.2733363179532615 1.2426787582705874 1.0918615391375397e-05 
1.1135140559490342 -2.075737925382189 -2.3390083303164326 1.273144268570987 1.242678758240693 1.0919104740381158e-05 
1.1135140558654308 -2.0756371856797706 -2.3390091423555033 1.2730443418364752 1.242678758216841 1.091967476263278e-05 
1.1135140558271646 -2.0755337938915677 -2.339009966798846 1.2729417753959096 1.2426787581977425 1.09201463747155e-05 
1.113514055774762 -2.075427721969982 -2.3390108031679766 1.2728365407987532 1.2426787581784033 1.09206537324269e-05 
1.1135140557367693 -2.075318942245306 -2.3390116509523367 1.2727286098026607 1.2426787581584007 1.0921102616023859e-05 
1.1135140557046475 -2.075207427216509 -2.3390125096096455 1.2726179543874307 1.2426787581378962 1.0921558587284608e-05 
1.1135140558762515 -2.0749760828720136 -2.3390142572156316 1.2723883592890086 1.2426787581021514 1.0922144076275231e-05 
1.113514055776574 -2.0748561994590773 -2.339015144925118 1.2722693646922965 1.2426787580737235 1.0922823250325564e-05 
1.1135140557311347 -2.0747334733631106 -2.3390160410162473 1.2721475357623735 1.2426787580510341 1.0923383190863944e-05 
1.1135140556798264 -2.0746078782955557 -2.339016944787513 1.272022845577899 1.2426787580280623 1.0923961020203876e-05 
1.113514055638583 -2.0744793883102535 -2.3390178555007815 1.27189526741879 1.2426787580044572 1.0924498448083853e-05 
1.1135140555923106 -2.0743479776440354 -2.33901877238268 1.2717647747805527 1.2426787579803245 1.0925054615640306e-05 
1.1135140557914713 -2.0740762930108883 -2.3390206213832725 1.2714949410816638 1.2426787579382799 1.0925739992728722e-05 
1.1135140556733987 -2.073935968345733 -2.3390215517831345 1.2713555481148253 1.2426787579049456 1.0926534097066565e-05 
1.1135140556200085 -2.073792622610526 -2.3390224848995675 1.271213136753624 1.2426787578784113 1.0927187701348373e-05 
1.1135140555738694 -2.0736462312668227 -2.339023419782711 1.2710676815636113 1.2426787578515164 1.092782038725204e-05 
1.11351405551801 -2.0734967700351508 -2.3390243554411754 1.2709191573061203 1.2426787578241472 1.0928488037187378e-05 
1.1135140554841723 -2.0733442149759824 -2.339025290846278 1.270767538947661 1.242678757796031 1.0929098585243935e-05 
1.1135140554356688 -2.0731885422587357 -2.3390262249294 1.2706128016655391 1.2426787577674432 1.0929760342115458e-05 
1.1135140556009606 -2.0728677505352078 -2.3390280846653635 1.2702938720440375 1.2426787577103937 1.093075662073062e-05 
1.1135140555282428 -2.0727025848137313 -2.33902900798338 1.2701296311041386 1.2426787576784468 1.0931509653921978e-05 
1.1135140554718088 -2.0725342089053216 -2.33902992531174 1.2699621739931501 1.24267875764723 1.0932271792718495e-05 
1.1135140554047647 -2.0723626002339923 -2.339030835382495 1.2697914769132597 1.2426787576157805 1.0933062474016708e-05 
1.1135140553507776 -2.0721877365632615 -2.339031736886639 1.2696175162646153 1.2426787575835885 1.0933793700651506e-05 
1.1135140552900147 -2.0720095958069145 -2.339032628472279 1.2694402686512838 1.2426787575507987 1.0934546780028143e-05 
1.1135140555630771 -2.071643396651961 -2.339034376268466 1.269075819907611 1.2426787574939775 1.0935470161399508e-05 
1.113514055405619 -2.0714552947396374 -2.339035229568549 1.2688885730406794 1.242678757449153 1.0936535214334242e-05 
1.1135140553359149 -2.0712638300712225 -2.3390360671104977 1.2686979475991382 1.2426787574136196 1.0937407795452714e-05 
1.1135140552584257 -2.0710689817210497 -2.339036887330984 1.2685039212016171 1.2426787573778508 1.0938303048213527e-05 
1.1135140551975038 -2.070870729150899 -2.339037688618017 1.268306471642556 1.242678757341297 1.0939130590692514e-05 
1.113514055129703 -2.070669051962401 -2.3390384693135307 1.2681055769151293 1.2426787573041205 1.093998228451909e-05 
1.1135140554413399 -2.070255344187218 -2.3390399620705287 1.2676933648565223 1.2426787572398386 1.0941024960686718e-05 
1.113514055302426 -2.0700432734367062 -2.339040670594068 1.267482004541038 1.242678757191202 1.0942113785716856e-05 
1.1135140552234324 -2.069827699119953 -2.3390413514329644 1.2672671129565778 1.242678757149398 1.0943090913428932e-05 
1.1135140551357052 -2.069608602014502 -2.3390420027005465 1.2670486690752778 1.2426787571088216 1.0944158097103696e-05 
1.113514055067287 -2.069385963282974 -2.3390426224615286 1.266826652050085 1.24267875706777 1.0945110244797718e-05 
1.113514054989528 -2.0691597641982593 -2.339043208731214 1.266601041227685 1.2426787570260887 1.0946085397200989e-05 
1.1135140549280091 -2.068929986377748 -2.3390437594773363 1.2663718161410573 1.2426787569835822 1.0947022079044189e-05 
1.1135140551842495 -2.068459622445981 -2.339044746026522 1.265902442239776 1.2426787568996094 1.0948479972405778e-05 
1.1135140550834173 -2.0682190000430403 -2.3390451775170735 1.2656622534685278 1.2426787568528574 1.0949577482932682e-05 
1.113514055006906 -2.0679747275448754 -2.3390455648617197 1.2654183704560626 1.2426787568073765 1.0950682074906126e-05 
1.1135140549158322 -2.0677267876451433 -2.339045905781176 1.2651707736827804 1.2426787567617428 1.095182255284044e-05 
1.1135140548443365 -2.067475163412233 -2.339046197946317 1.2649194438090703 1.2426787567152173 1.0952872232294908e-05 
1.113514054781981 -2.0672198380479543 -2.339046438976192 1.2646643616835629 1.2426787566679778 1.0953926354417831e-05 
1.1135140551922387 -2.066698018692408 -2.3390467578485756 1.2641428649441586 1.2426787565867077 1.0955252130351312e-05 
1.113514054959868 -2.066431491432274 -2.339046830681748 1.2638764130282336 1.2426787565228983 1.0956777972026543e-05 
1.1135140547876317 -2.066161198273985 -2.3390468423341444 1.263606134070467 1.2426787564728867 1.09582149878662e-05 
1.1135140546852549 -2.065887123790594 -2.339046790175539 1.2633320098557812 1.2426787564219177 1.0959331838478192e-05 
1.1135140548851332 -2.0653275697884403 -2.3390464836067606 1.262772153628637 1.2426787563187647 1.0961376810669776e-05 
1.113514054752419 -2.0650420596110477 -2.339046223647916 1.2624863860748512 1.2426787562657209 1.0962614619636213e-05 
1.113514054985795 -2.064459501034343 -2.339045476133518 1.261903084486482 1.2426787561616122 1.0964579009176134e-05 
1.1135140547754494 -2.0641624231816813 -2.3390449827103064 1.261605516010179 1.2426787561031167 1.0966086362529381e-05 
1.1135140546299436 -2.06386146133144 -2.3390444055092097 1.261303979696172 1.2426787560472485 1.0967447043874756e-05 
1.1135140549499303 -2.0632478316208838 -2.339042987456371 1.260688936545244 1.242678755937165 1.0969366331714525e-05 
1.113514055225279 -2.0626185036526907 -2.339041196761051 1.2600578228322536 1.2426787558359074 1.0971544453397541e-05 
1.113514054724444 -2.0622979196333002 -2.339040153565719 1.2597361990364488 1.2426787557585017 1.0973747369469322e-05 
1.1135140550570384 -2.06164485210895 -2.33903775473172 1.2590807377085342 1.2426787556560601 1.097554402829104e-05 
1.113514054756509 -2.0613123427485416 -2.339036392255113 1.258746869006183 1.24267875557857 1.0977212683727089e-05 
1.113514054572045 -2.060975834158551 -2.3390349163975515 1.258408887641612 1.2426787555120775 1.09788864977034e-05 
1.1135140544632778 -2.0606353147087564 -2.339033323594955 1.2580667784054924 1.2426787554486385 1.0980348871036938e-05 
1.1135140549145621 -2.059942198346109 -2.339029772601859 1.257370116283247 1.2426787553404504 1.0982321356323155e-05 
1.1135140546559414 -2.0595895783151867 -2.3390278070047303 1.2570155339160065 1.2426787552585141 1.0984101438182847e-05 
1.1135140544174869 -2.0592329029161798 -2.3390257096201017 1.256656764527503 1.2426787551885576 1.098610430894098e-05 
1.1135140546662061 -2.058872162448637 -2.3390234765956386 1.2562937937084158 1.242678755140921 1.0986520351252693e-05 
1.1135140546511169 -2.0581384426747356 -2.339018587989367 1.255555191527482 1.2426787549856622 1.0990330017612848e-05 
1.1135140543910396 -2.0577654433919506 -2.3390159243945163 1.255179532231538 1.2426787549160636 1.0992056451719634e-05 
1.1135140548772418 -2.0570071203412397 -2.3390101382388577 1.2544154287724307 1.2426787547967617 1.0994059421065572e-05 
1.1135140544784363 -2.0566217765730173 -2.3390070073558915 1.2540269578814813 1.2426787547027924 1.0996397547202719e-05 
1.1135140542677044 -2.05623229997593 -2.339003712265547 1.253634189836215 1.242678754630277 1.0998240216331112e-05 
1.1135140546078972 -2.055440914560064 -2.3389966122048182 1.2528357105250816 1.2426787544836326 1.1000924258652844e-05 
1.1135140543747903 -2.05503898781663 -2.3389927984296497 1.2524299737943432 1.24267875440791 1.100288585842435e-05 
1.1135140542447681 -2.054632894885801 -2.338988802869231 1.2520198889344378 1.242678754331755 1.1004577474160726e-05 
1.113514054156969 -2.0542226278489455 -2.3389846209808667 1.2516054436157038 1.2426787542549613 1.1006265948410032e-05 
1.113514054088486 -2.053808179099473 -2.3389802481642867 1.2511866256704174 1.24267875417745 1.1007966381093581e-05 
1.1135140540036081 -2.0533895412359815 -2.338975679761181 1.250763423097359 1.2426787540991553 1.1009692388874726e-05 
1.1135140545761946 -2.0525396711118926 -2.3389659372829295 1.2499038168404537 1.242678753945671 1.1012277621347266e-05 
1.1135140544444022 -2.052108424110724 -2.338960753598073 1.249467390030997 1.2426787538608295 1.1014239798434744e-05 
1.113514054310496 -2.051672960838765 -2.3389553551152744 1.2490265322311096 1.2426787537789616 1.101633957301118e-05 
1.1135140542218824 -2.0512332751949964 -2.3389497368901324 1.248581232263967 1.2426787536967119 1.1018200017254287e-05 
1.1135140541535877 -2.0507893611196764 -2.3389438939182767 1.248131479120544 1.242678753613614 1.1020034572872817e-05 
1.11351405468789 -2.049888825614998 -2.3389315134327227 1.24721857003777 1.2426787534509875 1.1022898988244378e-05 
1.1135140544678706 -2.049432192080751 -2.3389249656178333 1.2467553929490798 1.2426787533602521 1.102519358830989e-05 
1.1135140543546997 -2.048971308414078 -2.3389181724604953 1.2462877202580138 1.2426787532737054 1.1027153544951318e-05 
1.1135140551019695 -2.0480367721005077 -2.338903828894927 1.2453388474145042 1.2426787531266452 1.1029725172306826e-05 
1.1135140546644076 -2.04756310870947 -2.338896267745998 1.2448576274971819 1.2426787530113437 1.1032436467495188e-05 
1.113514054472482 -2.047085176937367 -2.338888439734098 1.2443718721447308 1.2426787529208623 1.1034715794444594e-05 
1.1135140543668953 -2.046602972715762 -2.3388803393515296 1.2438815718532004 1.2426787528301677 1.1036732352920353e-05 
1.1135140542979522 -2.0461164921421684 -2.338871961021291 1.2433867172461452 1.2426787527387413 1.1038732060875134e-05 
1.1135140542472284 -2.045625731599694 -2.338863299109793 1.242887299105031 1.2426787526465288 1.1040737550871427e-05 
1.1135140542423123 -2.04513068777338 -2.33885434792783 1.2423833083711093 1.2426787525534113 1.1042697303231819e-05 
1.1135140551702527 -2.044127738844449 -2.338835554705402 1.2413615736274872 1.2426787523950207 1.1045256775865653e-05 
1.113514054819376 -2.043619826551468 -2.33882570102197 1.2408438124498993 1.2426787522712726 1.1048106263622515e-05 
1.1135140547199907 -2.0431076197926012 -2.3388155347352946 1.2403214440193207 1.2426787521741858 1.1050408630808306e-05 
1.113514054653364 -2.0425911161493975 -2.3388050498890625 1.2397944601321482 1.242678752077051 1.1052606985195723e-05 
1.1135140546031153 -2.04207031353155 -2.338794240459144 1.239262852701752 1.242678751979204 1.1054802310894729e-05 
1.1135140545637308 -2.0415452100836617 -2.338783100366264 1.2387266138011785 1.2426787518804767 1.1056968732603423e-05 
1.113514054496009 -2.0410158041048385 -2.33877162347569 1.2381857356658212 1.242678751780919 1.105917533728018e-05 
1.113514055526199 -2.039944080832809 -2.338747634491704 1.2370900313308528 1.2426787516110709 1.1061835225589789e-05 
1.1135140552660623 -2.039401759676826 -2.3387351098724753 1.2365351905384223 1.242678751483906 1.1064584326980764e-05 
1.1135140551696212 -2.03885513174896 -2.3387222233676264 1.2359756810226132 1.242678751375462 1.106703122921715e-05 
1.1135140550586984 -2.038304196320767 -2.3387089685786338 1.235411495845705 1.2426787512711517 1.1069675765362774e-05 
1.113514055000679 -2.037748953234395 -2.3386953390511263 1.2348426282052998 1.2426787511665571 1.1072009236556823e-05 
1.1135140549245213 -2.0371894022213697 -2.3386813282740864 1.2342690714665157 1.2426787510612183 1.1074378204689594e-05 
1.1135140548922289 -2.036625543488542 -2.3386669296855693 1.2336908191453846 1.242678750954652 1.1076632991269264e-05 
1.1135140560338392 -2.03548490556779 -2.338636942554526 1.2325202025453894 1.242678750773643 1.1079459924623336e-05 
1.1135140557770153 -2.0349081258772266 -2.3386213406405316 1.2319278262482722 1.2426787506381434 1.1082379949733934e-05 
1.1135140556251395 -2.0343270407935226 -2.3386053241318194 1.2313307300276213 1.2426787505219714 1.10852846493259e-05 
1.1135140555687766 -2.033741651616997 -2.338588886213948 1.2307289082142958 1.242678750411459 1.1087774868023814e-05 
1.1135140554925114 -2.0331519595393175 -2.3385720200170192 1.2301223553072136 1.2426787503004393 1.1090345705788707e-05 
1.113514055466351 -2.032557966273359 -2.3385547186201325 1.2295110659453794 1.242678750188066 1.109274253252579e-05 
1.1135140566967765 -2.031357084855948 -2.338518782282125 1.2282742571381826 1.2426787499973333 1.1095725586329763e-05 
1.1135140564017858 -2.030750198997323 -2.3385001332631727 1.2276487279285009 1.2426787498545053 1.1098822430000155e-05 
1.113514056315017 -2.030139020344931 -2.3384810208494295 1.2270184424097756 1.2426787497326535 1.1101533521795659e-05 
1.11351405628381 -2.029523551412691 -2.3384614378798743 1.2263833960511983 1.2426787496153313 1.110426774886264e-05 
1.11351405621805 -2.028903794895027 -2.338441377139527 1.2257435844691535 1.2426787494985874 1.1107062827697689e-05 
1.1135140562033206 -2.028279754020689 -2.338420831367274 1.2250990034265374 1.242678749380505 1.110960673411654e-05 
1.113514056215295 -2.027651431963262 -2.3383997932523206 1.2244496488537964 1.242678749261536 1.1112139178592884e-05 
1.113514057528179 -2.026381959812074 -2.3383562105151237 1.22313660353531 1.242678749059822 1.1115323375499031e-05 
1.1135140571485929 -2.025740815233277 -2.3383336510596475 1.2224729056152333 1.2426787489021383 1.11188760616443e-05 
1.1135140571748305 -2.02509540481228 -2.3383105695433226 1.2218044194238846 1.242678748779598 1.1121400817160065e-05 
1.113514057187766 -2.0244457324196716 -2.338286958442504 1.2211311417618846 1.2426787486555897 1.1124268986861807e-05 
1.113514057096677 -2.023791802346077 -2.3382628101709306 1.2204530695235336 1.2426787485326045 1.1127332359528452e-05 
1.1135140571408169 -2.0231336197885144 -2.3382381171069717 1.21977019975244 1.2426787484074913 1.1129880062021869e-05 
1.1135140585139292 -2.021804517694318 -2.338187065866026 1.2183900565668448 1.2426787481963846 1.1133287550535442e-05 
1.113514058118473 -2.0211336065574415 -2.3381606922409857 1.2176927782389662 1.2426787480309782 1.1136983037118853e-05 
1.1135140580814342 -2.0204584636701304 -2.3381337428705464 1.2169906921671965 1.2426787479017687 1.1139965008233332e-05 
1.1135140592313784 -2.0190955067038345 -2.3380780855572922 1.215572088520127 1.242678747653141 1.114423010939447e-05 
1.1135140609417427 -2.017019479871842 -2.3379900843381316 1.2134080772829332 1.2426787472987266 1.1151818884336251e-05 
1.1135140606841984 -2.0156144757772925 -2.3379283134183266 1.2119413154051992 1.2426787469926532 1.1158742839079139e-05 
1.1135140616882833 -2.013475634530904 -2.3378308399984604 1.2097050190781307 1.2426787465993758 1.116687274826944e-05 
1.113514062942862 -2.0112993709594376 -2.3377273895370765 1.2074253235191614 1.242678746222861 1.1174367978483701e-05 
1.1135140622780293 -2.00982784393387 -2.337654991617213 1.2058814129804247 1.242678745900351 1.1181984794994548e-05 
1.1135140634913814 -2.0075897038714263 -2.337541080882386 1.2035293810953336 1.24267874548587 1.1189707388226111e-05 
1.1135140649268775 -2.0053147602165593 -2.3374205905655607 1.2011339664129705 1.2426787450922614 1.1197520534800276e-05 
1.1135140644514179 -2.003777811377997 -2.337336494646344 1.1995129364330843 1.2426787447560699 1.1204966230415891e-05 
1.1135140636916834 -2.003003270929895 -2.337293290172166 1.1986951997291646 1.2426787446027427 1.1208258603900845e-05 
1.1135140634778944 -2.002224701667294 -2.3372493031855237 1.1978726508670139 1.2426787444514114 1.1211252246567938e-05 
1.1135140634245113 -2.001442113491345 -2.337204525007401 1.1970452918244483 1.24267874430185 1.121452507302223e-05 
1.1135140635125467 -2.0006555172883216 -2.337158946941271 1.1962131247250012 1.2426787441517924 1.1217614663827646e-05 
1.1135140636672078 -1.9998649239527655 -2.3371125602649228 1.1953761518633277 1.2426787440013891 1.1220699676073309e-05 
1.113514065689274 -1.998271792807234 -2.337017326077496 1.1936877987387087 1.242678743749054 1.1224542006971205e-05 
1.1135140653809907 -1.9974692754797498 -2.336968461029727 1.1928364240729925 1.242678743550658 1.122891853899688e-05 
1.1135140654884417 -1.9966628071209431 -2.3369187522438413 1.1919802544144353 1.2426787433963993 1.1232429166341262e-05 
1.1135140656505413 -1.9958523995377462 -2.3368681909072633 1.1911192929434078 1.242678743242796 1.1235764572958828e-05 
1.1135140657755755 -1.9950380647037846 -2.3368167681694443 1.190253542956369 1.2426787430890611 1.123921946977191e-05 
1.1135140659656217 -1.994219815173004 -2.3367644751643875 1.1893830079059153 1.2426787429338821 1.1242423193280615e-05 
1.1135140680706552 -1.9925716240074323 -2.3366572427852628 1.1876275971785502 1.2426787426736698 1.1246430693390153e-05 
1.113514067761625 -1.9917417054202646 -2.336602285607154 1.1867427294377766 1.242678742468315 1.1250911588156498e-05 
1.1135140678988025 -1.9909079233981322 -2.3365464224986097 1.1858530920828834 1.2426787423089234 1.125451200056915e-05 
1.1135140680980387 -1.9900702910250754 -2.3364896445269965 1.1849586894666722 1.2426787421503525 1.1257938536068934e-05 
1.1135140682615692 -1.989228821552194 -2.336431942727099 1.18405952605921 1.242678741991731 1.126148877972355e-05 
1.1135140684931448 -1.9883835288232143 -2.336373308123938 1.18315560648748 1.2426787418316865 1.1264779792519164e-05 
1.1135140707412052 -1.9866815307435202 -2.3362532045327047 1.1813335181179925 1.2426787415639557 1.1268893682192527e-05 
1.113514070614074 -1.985824851110813 -2.3361917175478375 1.1804153595927769 1.2426787413611509 1.1273046069959491e-05 
1.113514070675845 -1.984964404244054 -2.3361292617218714 1.179492465095418 1.2426787411880609 1.1277189088332307e-05 
1.1135140708943343 -1.9841002048951966 -2.3360658280326296 1.1785648401082867 1.2426787410248235 1.1280719328432554e-05 
1.1135140710914335 -1.9832322675176188 -2.3360014074437077 1.1776324902965873 1.2426787408614937 1.1284350530438303e-05 
1.1135140713646718 -1.9823606071882196 -2.335935990910774 1.1766954214690903 1.2426787406968067 1.1287719904551352e-05 
1.113514073759938 -1.9806061798229058 -2.3358021337903976 1.1748071507641322 1.2426787404220656 1.1291932516144243e-05 
1.113514073502011 -1.9797234407214228 -2.3357336750990214 1.173855961543401 1.2426787402039485 1.1296647097758239e-05 
1.1135140735617242 -1.9788370396184911 -2.3356641841992865 1.1729000782091488 1.242678740036065 1.130094331180942e-05 
1.1135140737979388 -1.9779469926878255 -2.33559365204306 1.1719395074602588 1.2426787398680164 1.130438770502451e-05 
1.1135140740526248 -1.9770533154932401 -2.3355220695557106 1.1709742561403695 1.2426787396995662 1.1307884157041315e-05 
1.1135140766718257 -1.9752551374586211 -2.3353757172935428 1.1690297398371872 1.242678739418987 1.131204165361055e-05 
1.1135140765894826 -1.974350666436857 -2.3353009293820595 1.1680504895363075 1.2426787392058412 1.131645185914465e-05 
1.1135140768270801 -1.9734426305882105 -2.3352250548323656 1.1670665876546567 1.2426787390252887 1.1320311235962777e-05 
1.1135140770661334 -1.9725310463962193 -2.3351480845805144 1.1660780419011587 1.2426787388529332 1.132445863394338e-05 
1.1135140774810806 -1.971615931248894 -2.3350700095649044 1.165084860120471 1.242678738680902 1.1327852138975913e-05 
1.1135140778159967 -1.9706973016930398 -2.3349908207181578 1.1640870503516707 1.2426787385094888 1.1331661689872874e-05 
1.1135140782069737 -1.969775175306001 -2.3349105089842466 1.1630846207779824 1.242678738336708 1.1335192541928052e-05 
1.1135140785744682 -1.9688495693321508 -2.334829065308533 1.1620775797661045 1.2426787381633106 1.1338740019795068e-05 
1.1135140814207922 -1.9669879919542863 -2.334662745958205 1.1600496976051637 1.242678737875571 1.1343012607412106e-05 
1.1135140810830642 -1.966052052841559 -2.3345778522269667 1.1590288742280537 1.2426787376445336 1.1348747117168045e-05 
1.1135140813816164 -1.9651127059694113 -2.3344917904000333 1.1580034744946017 1.2426787374689825 1.1352462131242191e-05 
1.1135140817125588 -1.964169969130511 -2.3344045514847425 1.15697350768877 1.2426787372929917 1.1356169681064898e-05 
1.1135140821417915 -1.9632238608384585 -2.334316126482797 1.1559389831925238 1.2426787371161003 1.1359696526547225e-05 
1.1135140846051517 -1.961321605973363 -2.334135682293401 1.1538562994647394 1.2426787367780658 1.136508451793361e-05 
1.1135140847906575 -1.9603654942773927 -2.334043645157079 1.1528081599491573 1.2426787365879477 1.1369611145894964e-05 
1.11351408518631 -1.959406086304699 -2.3339503860622077 1.1517555019710581 1.2426787364093625 1.1373411599180372e-05 
1.1135140856499746 -1.9584434010794247 -2.3338558960828157 1.1506983357854583 1.2426787362306877 1.1377163045445116e-05 
1.1135140860815476 -1.9574774577293574 -2.3337601663044065 1.1496366718042665 1.2426787360518725 1.1380974512142927e-05 
1.1135140865874043 -1.956508275963131 -2.333663187834153 1.1485705205999883 1.2426787358719773 1.1384573864070546e-05 
1.1135140892141013 -1.9545602777189934 -2.333465449344258 1.1464247996259536 1.242678735528541 1.1390049199810903e-05 
1.1135140895687794 -1.9535814984108004 -2.333364671617426 1.145345251947358 1.2426787353365851 1.1394159206368215e-05 
1.1135140899543288 -1.9525995598433221 -2.3332626098090126 1.1442612610548304 1.2426787351536266 1.1398516384097945e-05 
1.1135140904542533 -1.9516144825276918 -2.3331592551308935 1.143172838373605 1.2426787349719985 1.140232992913326e-05 
1.1135140909365653 -1.9506262865769806 -2.3330545988127316 1.1420799955107146 1.2426787347902204 1.1406186321671896e-05 
1.1135140940997799 -1.9486406239070933 -2.3328413463082835 1.1398810963598782 1.2426787344910073 1.1410763209873664e-05 
1.1135140940173134 -1.9476431956209286 -2.3327327327219 1.1387750642843564 1.2426787342478223 1.1415903914624437e-05 
1.1135140945025963 -1.9466427318977368 -2.3326227826545454 1.13766466005898 1.2426787340621406 1.1420018036112367e-05 
1.1135140949024853 -1.9456392533494764 -2.332511487481832 1.1365498961828857 1.2426787338790293 1.1424351892941331e-05 
1.1135140980635576 -1.9436233406328522 -2.3322848274288157 1.1343073399663997 1.2426787335777112 1.1429072832136455e-05 
1.1135140979627467 -1.9426109461706211 -2.332169445432183 1.133179573527678 1.2426787333312124 1.1434220546391316e-05 
1.1135140984717289 -1.9415956231123062 -2.332052684062668 1.1320474988471423 1.24267873314359 1.1438353212156471e-05 
1.113514098987518 -1.9405773928887236 -2.3319345348512277 1.13091112926156 1.2426787329584412 1.1442550203355495e-05 
1.1135140996088468 -1.939556277672735 -2.3318149893504287 1.1297704782197808 1.2426787327726467 1.1446348733734624e-05 
1.113514100218187 -1.9385322992517704 -2.3316940391426524 1.128625559350306 1.2426787325867235 1.1450194977946637e-05 
1.1135141009079748 -1.93750547999272 -2.331571675849797 1.1274763864383424 1.2426787324001562 1.1453885608858627e-05 
1.113514104044576 -1.935443410386915 -2.331322676687094 1.1251653344206805 1.2426787320464907 1.1459487844867056e-05 
1.1135141045922783 -1.9344082022841045 -2.3311960242274132 1.124003483812075 1.242678731847902 1.1463759481245006e-05 
1.1135141051603448 -1.933370243039108 -2.3310679255321647 1.122837435984673 1.242678731659021 1.1468265982195192e-05 
1.1135141086917297 -1.9312861658815939 -2.3308073567427128 1.120492807223818 1.2426787313560492 1.1473265204564598e-05 
1.113514108278273 -1.9302400899903578 -2.330674870401923 1.1193142562113927 1.2426787311029122 1.1479622765264708e-05 
1.113514108770918 -1.9291913559206302 -2.330540905317303 1.1181315674000079 1.2426787309134841 1.1483486485275307e-05 
1.1135141093727157 -1.9281399862833926 -2.3304054534856906 1.1169447561350392 1.242678730724636 1.1487395889631102e-05 
1.113514113057903 -1.926029436668669 -2.3301300577431396 1.114558828097464 1.242678730420069 1.1492085984166067e-05 
1.1135141129984314 -1.9249703004489183 -2.329990098033722 1.1133597428695108 1.2426787301645454 1.1497903922297326e-05 
1.113514113490175 -1.9239086228867475 -2.3298486199470627 1.112156597916501 1.2426787299761441 1.150237444225155e-05 
1.1135141142021325 -1.9228444283226365 -2.3297056157236957 1.1109494093715906 1.2426787297864221 1.1506139551364925e-05 
1.1135141174964964 -1.9207085855641193 -2.3294149979930037 1.10852296668447 1.2426787294294126 1.1511914818740365e-05 
1.113514117979319 -1.919636982673949 -2.329267369153582 1.1073037456404684 1.242678729225232 1.15167156389262e-05 
1.1135141210644877 -1.91748654163783 -2.3289674336614823 1.1048533876806728 1.2426787288691923 1.1523268360846828e-05 
1.1135141212207191 -1.9164077490395286 -2.3288151119949037 1.1036222848472033 1.2426787286637957 1.1528476058231263e-05 
1.1135141217816926 -1.9153266098353567 -2.3286612111497202 1.1023872556277565 1.242678728473103 1.1532513735978966e-05 
1.1135141257000054 -1.9131573924464167 -2.328348642554551 1.0999054877038512 1.242678728169726 1.1537263504557416e-05 
1.1135141257618866 -1.9120693604800874 -2.3281899602584515 1.0986587843894426 1.242678727912593 1.1542645896867043e-05 
1.1135141262543975 -1.910979080612912 -2.3280296696698963 1.097408225181331 1.2426787277212457 1.154765529687296e-05 
1.1135141294613042 -1.9087918823187957 -2.3277042352554425 1.0948956113018191 1.2426787273515583 1.155404731623122e-05 
1.1135141298057922 -1.9076950105280162 -2.3275390773247633 1.0936335932181773 1.2426787271594257 1.155909409522593e-05 
1.1135141337915249 -1.9054948576367199 -2.3272038453642834 1.0910982269582616 1.2426787268577417 1.1563801726843792e-05 
1.1135141337390815 -1.9043916233649991 -2.3270337576358333 1.0898249163668954 1.2426787265967443 1.1569677539569057e-05 
1.1135141345392432 -1.9032863199340433 -2.3268620130349156 1.0885478792397105 1.2426787264066608 1.157370580884276e-05 
1.1135141353236229 -1.9021789725110416 -2.326688604888428 1.087267134719693 1.2426787262182053 1.15779701443941e-05 
1.113514139607659 -1.8999582530754182 -2.326336771573522 1.0846946005469809 1.242678725920345 1.1582689754874309e-05 
1.1135141398618869 -1.8988449296041274 -2.326158333372998 1.0834028499712325 1.2426787256623806 1.158804638734523e-05 
1.1135141406935425 -1.897729666193345 -2.325978205549081 1.082107469877709 1.2426787254717935 1.1592648836433739e-05 
1.1135141416079977 -1.8966124891712033 -2.3257963817736336 1.0808084801354676 1.2426787252843114 1.1596800735702573e-05 
1.113514142582571 -1.8954934248233064 -2.32561285577581 1.0795059007456098 1.242678725096499 1.1600705811964929e-05 
1.1135141462190017 -1.8932497418516645 -2.325240672406032 1.0768900537171593 1.2426787247302684 1.1607514595723956e-05 
1.1135141471260477 -1.8921251733554758 -2.325052002824875 1.0755768268589572 1.2426787245425883 1.1611598726979366e-05 
1.1135141480985915 -1.8909988233295962 -2.324861606657806 1.0742600918156882 1.2426787243560096 1.1615715496127166e-05 
1.1135141492026737 -1.8898707185670904 -2.3246694780009287 1.0729398693127328 1.2426787241694113 1.1619536176787904e-05 
1.1135141539273246 -1.8876093539595358 -2.3242799999821324 1.0702890454975904 1.2426787238804087 1.1624229593110158e-05 
1.1135141545004323 -1.8864761445550666 -2.324082639187913 1.06895848645134 1.24267872363773 1.1629104617938424e-05 
1.113514155386941 -1.8853412872098794 -2.323883523037914 1.0676245242931266 1.2426787234362822 1.1633925190324135e-05 
1.113514156616426 -1.8842048094671107 -2.323682646020684 1.066287180442056 1.242678723251447 1.1637641292416845e-05 
1.1135141578455574 -1.883066737846418 -2.3234800026978206 1.0649464764981964 1.2426787230675256 1.1641698603348516e-05 
1.113514159005498 -1.881927099298327 -2.323275587709122 1.0636024341778896 1.2426787228847562 1.1645878724486636e-05 
1.1135141631517715 -1.8796432333736357 -2.322861421736019 1.0609044218953247 1.2426787225441105 1.1651784720179137e-05 
1.113514164118051 -1.8784990574983347 -2.322651660424156 1.0595504961184012 1.242678722346346 1.1656045693975159e-05 
1.1135141652846867 -1.8773534239127105 -2.3224401068342653 1.0581933201881712 1.242678722160897 1.166024002863253e-05 
1.1135141665332808 -1.8762063598526524 -2.322226756022519 1.0568329165052788 1.2426787219789412 1.1664271579725494e-05 
1.1135141678266374 -1.8750578926777361 -2.3220116031294484 1.0554693075995782 1.2426787217980806 1.1668241476137098e-05 
1.113514169072439 -1.8739080496477003 -2.3217946433795085 1.0541025161346607 1.2426787216178194 1.1672245361360467e-05 
1.1135141703292533 -1.8727568584110763 -2.32157587208673 1.0527325648989727 1.242678721437172 1.1676047273923018e-05 
1.1135141748941972 -1.8704505444850774 -2.3211328765842696 1.0499832748758395 1.2426787211045687 1.1681638735439037e-05 
1.1135141760422202 -1.869295473741471 -2.3209086434142865 1.0486039823846545 1.242678720911278 1.1685949023565456e-05 
1.113514177337926 -1.8681391651619457 -2.3206825808273326 1.047221622573634 1.242678720730165 1.1690144647857892e-05 
1.1135141786937703 -1.8669816463895081 -2.32045468457976 1.0458362188777333 1.2426787205523917 1.1694152727059759e-05 
1.1135141800851525 -1.8658229451262898 -2.3202249505174235 1.044447794854035 1.2426787203756966 1.1698089292799807e-05 
1.1135141814248133 -1.8646630889442815 -2.3199933745754597 1.0430563741852685 1.2426787201996259 1.1702056607276745e-05 
1.1135141829148374 -1.8635021060706745 -2.319759952786838 1.0416619806669818 1.2426787200235099 1.1705694416441759e-05 
1.113514188211668 -1.8611768731083975 -2.3192875562506527 1.0388643708658716 1.2426787197615354 1.17103561301235e-05 
1.113514189700469 -1.8600126760534952 -2.319048574011865 1.037461202841512 1.242678719587448 1.1714018846475938e-05 
1.113514190426966 -1.8588474631270877 -2.3188077309780537 1.036055158397966 1.2426787193390547 1.1719283109279388e-05 
1.11351419170468 -1.857681262220722 -2.318565023625161 1.034646261923049 1.2426787191632434 1.1723806072616583e-05 
1.1135141931226764 -1.8565141017559785 -2.318320448559877 1.0332345379249412 1.242678718990871 1.172766879342646e-05 
1.1135141984802264 -1.854177016164953 -2.3178256821604233 1.0304027059655434 1.2426787187378716 1.1732417962484476e-05 
1.1135141989959179 -1.8530071434748656 -2.317575484483566 1.0289826476631907 1.242678718490935 1.1737759121110969e-05 
1.1135142002180993 -1.8518364229186863 -2.317323406425176 1.027559861039518 1.242678718316923 1.1742157851379886e-05 
1.1135142015579733 -1.8506648825681662 -2.3170694450740834 1.0261343711682018 1.242678718147408 1.174612824250687e-05 
1.113514203043919 -1.8494925505569872 -2.3168135976117163 1.0247062032358656 1.24267871797848 1.1749787258708011e-05 
1.1135142045376805 -1.8483194545778936 -2.316555861313849 1.02327538254118 1.242678717810585 1.1753476011122643e-05 
1.1135142102248468 -1.8459710862022005 -2.3160347118515494 1.0204058845231074 1.2426787175690155 1.1757869972761625e-05 
1.1135142108858291 -1.8447958661823938 -2.3157712937322854 1.0189672583666267 1.2426787173244005 1.1763594892855167e-05 
1.1135142123588517 -1.843619994525457 -2.3155059768918393 1.0175260816686622 1.2426787171594595 1.1767488913072555e-05 
1.113514213927262 -1.8424434992380592 -2.3152387591250125 1.0160823802435424 1.2426787169959166 1.177125917539712e-05 
1.1135142155485438 -1.8412664082437127 -2.3149696383186473 1.0146361800059331 1.24267871683353 1.1774960999133555e-05 
1.1135142171317183 -1.8400887493792961 -2.3146986124618714 1.0131875069699268 1.2426787166719375 1.1778692107888844e-05 
1.1135142229151285 -1.837731843645387 -2.314150838106036 1.01028284699475 1.2426787164432742 1.1783065501091983e-05 
1.1135142239862512 -1.8365526496540463 -2.3138740860928193 1.008826912587299 1.2426787162218824 1.1787609492053264e-05 
1.1135142253587658 -1.8353729995902661 -2.3135954220313035 1.007368610410997 1.2426787160451607 1.1792209448024948e-05 
1.1135142268786087 -1.8341929217043562 -2.3133148444361904 1.0059079669244895 1.2426787158875063 1.1796284138831936e-05 
1.1135142285221153 -1.8330124442672018 -2.313032351933642 1.00444500870515 1.242678715730734 1.1799898155473443e-05 
1.1135142302304741 -1.8318315950517041 -2.3127479432488514 1.0029797624233678 1.2426787155751473 1.1803474807337011e-05 
1.1135142361137742 -1.829468895488601 -2.312173372789661 1.000042512756469 1.2426787153606647 1.1807866166613223e-05 
1.1135142367532254 -1.8282870973094933 -2.3118832089839225 0.9985705631677986 1.24267871512557 1.1813717952335878e-05 
1.1135142382359948 -1.827105039014791 -2.311591124965828 0.9970964330565328 1.2426787149728247 1.181754672430202e-05 
1.1135142398313116 -1.8259227484842349 -2.311297120008245 0.9956201495084569 1.2426787148206397 1.1821082952501172e-05 
1.1135142458197462 -1.823557584605826 -2.310703344895603 0.9926612308668377 1.2426787146159404 1.182528696652696e-05 
1.1135142469826649 -1.8223747635409726 -2.310403573791908 0.991178650369009 1.2426787144046187 1.1829692009968085e-05 
1.113514248598233 -1.821191820924696 -2.310101879891442 0.989694025635302 1.2426787142421674 1.1833676005323923e-05 
1.113514250242571 -1.8200087842864345 -2.309798263003156 0.9882073841319521 1.2426787140930227 1.1837895176114444e-05 
1.1135142521031112 -1.818825681915457 -2.309492723054758 0.9867187534088933 1.2426787139483313 1.1841260127098963e-05 
1.113514253875083 -1.8176425407245898 -2.3091852600728977 0.9852281611126079 1.2426787138055788 1.184505338613917e-05 
1.113514260525359 -1.815276257235526 -2.308564565733972 0.9822412026421983 1.2426787136216886 1.1847947654075597e-05 
1.1135142607690147 -1.8140931638249915 -2.3082513349509908 0.9807448921318862 1.2426787133960184 1.1855460465781675e-05 
1.11351426579657 -1.8117272244513583 -2.3076191086365343 0.9777467480114863 1.2426787131478054 1.1860710929845197e-05 
1.1135142669979734 -1.8105444285224737 -2.307300114363402 0.976244970468545 1.242678712987212 1.1864927007110282e-05 
1.1135142686583972 -1.8093617866503813 -2.306979200405876 0.9747414266943704 1.2426787128480807 1.1868411614379681e-05 
1.113514270387248 -1.808179325512441 -2.3066563676877285 0.9732361448634705 1.2426787127122916 1.1872055967643291e-05 
1.113514275906228 -1.8058150572797294 -2.306004950268246 0.9702204799516325 1.2426787124785177 1.1877175647434512e-05 
1.11351427713051 -1.8046333003077892 -2.305676367950885 0.9687101535450928 1.2426787123256586 1.1882060693579888e-05 
1.1135142831841485 -1.8022706853155102 -2.3050134630706385 0.9656846547096709 1.2426787121622187 1.1886199113853024e-05 
1.1135142838773922 -1.8010898767177643 -2.304679143573799 0.9641695392320448 1.2426787119478417 1.1891420117038365e-05 
1.1135142854977484 -1.7999094381883447 -2.3043429149708734 0.9626528844692466 1.2426787118183693 1.1895090497482386e-05 
1.11351428726394 -1.7987293965052809 -2.3040047790994977 0.9611347189971378 1.2426787116913527 1.1898469787219312e-05 
1.1135142926676798 -1.7963706127342176 -2.303322793483317 0.9580939705561073 1.2426787114607452 1.1903906594668001e-05 
1.1135142944112086 -1.7951919206288345 -2.3029789479474028 0.9565714450589136 1.2426787113339426 1.1907520624632184e-05 
1.1135142961445004 -1.7940137313302396 -2.30263320361861 0.9550475237343843 1.242678711212263 1.1911327574942732e-05 
1.1135143024102296 -1.7916589708659245 -2.3019360283603794 0.9519956089466683 1.2426787110731095 1.1915331254108708e-05 
1.1135143034746235 -1.7904824489391045 -2.301584602557278 0.95046767322793 1.2426787108740411 1.1919851446329233e-05 
1.1135143052475387 -1.7893065350547692 -2.301231288273697 0.9489384572671282 1.2426787107537844 1.192371052560759e-05 
1.1135143108841161 -1.7869566395710468 -2.300519005873846 0.9458763004356898 1.2426787105613055 1.192885152345724e-05 
1.1135143121224838 -1.7857827057705844 -2.300160043796441 0.9443434176736645 1.242678710426877 1.193351569384049e-05 
1.113514313845676 -1.7846094849193586 -2.299799205393443 0.9428093707496519 1.2426787103135961 1.1936666767908832e-05 
1.11351432033051 -1.7822652868502358 -2.2990719130496737 0.9397379009292379 1.242678710195925 1.1940346975158889e-05 
1.1135143214358818 -1.7810943571899491 -2.2987054660648365 0.9382005362954375 1.2426787100072714 1.1944824435339285e-05 
1.1135143230935869 -1.7799242417901713 -2.2983371567316144 0.9366621241674808 1.242678709897329 1.1948949859785785e-05 
1.1135143295236452 -1.7775865613609731 -2.297594966321948 0.9335822741819664 1.2426787097909875 1.1952688391048127e-05 
1.1135143303812374 -1.7764190426197368 -2.297221093114997 0.932040894785346 1.2426787096025604 1.1957794105121877e-05 
1.1135143321950007 -1.775252440159627 -2.2968453733877805 0.930498584882506 1.242678709501158 1.1961044870112403e-05 
1.1135143377418997 -1.7729220867573288 -2.296088411480752 0.9274112906392702 1.2426787093241156 1.1966139993546676e-05 
1.113514339587267 -1.7717583823375396 -2.2957071780952587 0.9258663649712462 1.2426787092229956 1.1969433425740306e-05 
1.113514341453552 -1.7705956934432256 -2.295324115838591 0.9243206260536398 1.2426787091275378 1.1972941946325477e-05 
1.1135143435867336 -1.7694340454444113 -2.2949392294161335 0.9227741032357262 1.2426787090345126 1.1975774026673491e-05 
1.1135143457654753 -1.7682734623031848 -2.294552523635005 0.9212268258925933 1.2426787089442275 1.1978761522257741e-05 
1.1135143479726501 -1.7671139684752601 -2.294164003421309 0.9196788234009325 1.242678708855717 1.1981711434572162e-05 
1.1135143537542929 -1.764798348328826 -2.293381539992432 0.9165807605065961 1.2426787086981514 1.1987040962502249e-05 
1.1135143556751634 -1.763642267337552 -2.292987607166184 0.915030758912601 1.2426787086117734 1.1990382955850976e-05 
1.1135143577751565 -1.7624873728166097 -2.2925918807503116 0.9134801497405309 1.2426787085275137 1.1993260135234607e-05 
1.113514359960103 -1.7613336883947959 -2.292194366234911 0.9119289623966695 1.2426787084455402 1.199613238433983e-05 
1.1135143661293974 -1.759030047379322 -2.2913939954615286 0.908824970791831 1.2426787083231288 1.2000410286816532e-05 
1.1135143680397022 -1.7578801347743394 -2.2909911507213208 0.907272225351953 1.2426787082286816 1.2003755831990759e-05 
1.1135143699716377 -1.7567315263638195 -2.29058654097169 0.9057190193497409 1.2426787081476895 1.2007393705104619e-05 
1.1135143721062422 -1.755584246162437 -2.29018017227221 0.9041653821658082 1.2426787080724777 1.201021681129788e-05 
1.113514377905795 -1.7532937645788582 -2.289362182813707 0.9010569317881831 1.242678707947201 1.201499797431893e-05 
1.1135143798007254 -1.7521506060995833 -2.2889505746877044 0.8995021773598992 1.2426787078707333 1.2018344755837518e-05 
1.113514381775822 -1.7510088676589035 -2.288537232936208 0.897947109241966 1.2426787078004224 1.2021386308624926e-05 
1.1135143874662914 -1.748729744746468 -2.287705375134725 0.8948361492935311 1.2426787076822627 1.2026337885551186e-05 
1.1135143894634671 -1.747592402163983 -2.287286872599366 0.8932803161289371 1.2426787076150188 1.2029191066353917e-05 
1.1135143916278185 -1.7464565700774788 -2.286866663535812 0.8917242865699286 1.2426787075512422 1.2031949561119859e-05 
1.113514393871747 -1.7453222705042126 -2.2864447549891818 0.8901680899011364 1.2426787074901782 1.2034687679296496e-05 
1.1135144007819076 -1.7430583597370317 -2.2855958682098176 0.8870553123146196 1.2426787074756946 1.2037951418797377e-05 
1.1135144020788408 -1.7419287890864625 -2.28516890457131 0.8854987897664479 1.2426787073371193 1.2041901854331627e-05 
1.1135144040226512 -1.7408008381645743 -2.284740270725109 0.8839422170987259 1.242678707276407 1.2045293649620703e-05 
1.1135144061281235 -1.7396745292062334 -2.2843099742584316 0.8823856234218015 1.2426787072215815 1.2047983531715545e-05 
1.113514412994169 -1.7374269253915626 -2.283444424384273 0.8792724896654267 1.2426787072211134 1.2051050343409031e-05 
1.1135144152497567 -1.7363056698411006 -2.28300918664831 0.8777160077578827 1.2426787071718994 1.205359316625021e-05 
1.1135144166004736 -1.7351861407533509 -2.28257231770037 0.8761596212170453 1.2426787070393868 1.2057703306922463e-05 
1.1135144188005413 -1.7340683592269706 -2.2821338256718224 0.8746033591918607 1.2426787069927263 1.2060451495266022e-05 
1.1135144210779577 -1.7329523461993581 -2.281693718782753 0.8730472506235332 1.242678706948663 1.2063084986912997e-05 
1.1135144278240574 -1.7307257100553288 -2.280808693868037 0.869935609746606 1.24267870696693 1.2066349032835433e-05 
1.113514429439455 -1.729615125344437 -2.280363792772712 0.8683801351562117 1.2426787068617449 1.2069438036554914e-05 
1.1135144315463057 -1.7285063906189215 -2.279917310760064 0.8668249297353503 1.2426787068071201 1.2072316699196506e-05 
1.1135144336304403 -1.7273995256247883 -2.2794692565605983 0.8652700222552836 1.2426787067659362 1.2075548363021937e-05 
1.1135144358857225 -1.7262945510602412 -2.279019639025277 0.8637154414855965 1.2426787067306675 1.207801632041594e-05 
1.1135144382079005 -1.7251914865078088 -2.278568467099322 0.8621612161693415 1.242678706697479 1.208044285849752e-05 
1.11351444511185 -1.7229911681453984 -2.277661496396358 0.8590539466997802 1.2426787067377996 1.2083368639892456e-05 
1.1135144468139604 -1.7218939505893944 -2.2772057159745227 0.8575009596929517 1.2426787066448535 1.2086389322263358e-05 
1.1135144489663098 -1.720798720471886 -2.276748417960837 0.8559484427216209 1.242678706601727 1.2089184869168434e-05 
1.1135144511598751 -1.719705496798369 -2.276289611793308 0.8543964242493791 1.2426787065718914 1.2092114906714357e-05 
1.1135144534639991 -1.7186142988998494 -2.275829307021472 0.8528449327359402 1.2426787065480438 1.2094567533260658e-05 
1.1135144558091312 -1.7175251454536031 -2.2753675132896376 0.8512939966012922 1.2426787065261111 1.2096949430606685e-05 
1.113514458117919 -1.7164380548943647 -2.2749042403380173 0.8497436442138397 1.242678706505525 1.2099336222703982e-05 
1.1135144644657435 -1.7142701396247766 -2.2739732962625343 0.8466448038851819 1.2426787065067755 1.2102690745585676e-05 
1.113514466423477 -1.7131893478792293 -2.2735056450724587 0.8450963724195395 1.2426787064697953 1.2105780065496674e-05 
1.1135144685276073 -1.7121106920444387 -2.2730365545953495 0.8435486376464745 1.2426787064530753 1.2108474875205388e-05 
1.113514475299894 -1.7099598633104636 -2.272094096811051 0.8404553705547579 1.24267870652817 1.211115616950309e-05 
1.1135144765706055 -1.7088877221805738 -2.27162075017765 0.8389098941323141 1.2426787064322822 1.2114743562108288e-05 
1.1135144787579616 -1.7078177878337772 -2.271146005719306 0.8373652265069298 1.2426787064211942 1.2117065907091273e-05 
1.1135144809833761 -1.7067500773850588 -2.270669874021179 0.8358213954727853 1.242678706413101 1.211943929479986e-05 
1.1135144833664228 -1.7056846082959654 -2.2701923657734806 0.8342784288279592 1.2426787064074665 1.2121522865449208e-05 
1.1135144893596616 -1.7035604629110583 -2.269233262842402 0.8311951995926208 1.2426787064224438 1.2125264045259598e-05 
1.1135144913909132 -1.7025018170531574 -2.2687516899560203 0.8296549922901173 1.2426787064149627 1.2127920198778952e-05 
1.1135144980195513 -1.7003914687722093 -2.267784556658631 0.8265775300797742 1.242678706516025 1.2130663590070867e-05 
1.1135144991175059 -1.6993397951465319 -2.267299018552672 0.8250403299228584 1.2426787064323728 1.2134301266897296e-05 
1.1135145011136425 -1.698290478114548 -2.2668121812273867 0.8235041870099025 1.2426787064334786 1.2136538614093695e-05 
1.113514507144913 -1.696198980582615 -2.26583465460408 0.8204351817126945 1.2426787064825078 1.2139477635564333e-05 
1.1135145088378415 -1.6951568271234843 -2.2653439883181843 0.818902373653529 1.2426787064678146 1.2142661191205661e-05 
1.1135145143062957 -1.693079795979127 -2.2643589081423947 0.8158402819872759 1.2426787065032778 1.2146587601513659e-05 
1.113514519754176 -1.6910125618025944 -2.263368909778734 0.8127830690835225 1.2426787065478768 1.2150121456500074e-05 
1.1135145215778497 -1.689982654160243 -2.262872096069298 0.8112563591974888 1.242678706553833 1.2152388460862085e-05 
1.1135145235962494 -1.6889552404737271 -2.2623740887494037 0.8097309492815388 1.2426787065677027 1.2154462959657053e-05 
1.1135145295803612 -1.6869079552173627 -2.2613745419699463 0.8066841356792605 1.2426787066430824 1.2157241034316257e-05 
1.1135145313443608 -1.6858881081931774 -2.260873027003088 0.8051627849477354 1.2426787066420832 1.216015555449701e-05 
1.1135145378221445 -1.6838560830999647 -2.259866575912964 0.8021243275038668 1.2426787067873475 1.2162472744492447e-05 
1.1135145391709855 -1.682843929293825 -2.2593616647336265 0.8006072731143794 1.2426787067342095 1.2165176731748772e-05 
1.113514541114914 -1.681834366458257 -2.2588556466162846 0.7990917032733105 1.2426787067550809 1.2167686691988422e-05 
1.113514547022806 -1.679823072190266 -2.257840340408941 0.796065121034375 1.2426787068507137 1.2170357899243811e-05 
1.113514548726637 -1.6788213628891064 -2.257331077877603 0.794554160431546 1.242678706859369 1.2173130371273544e-05 
1.1135145508127957 -1.6778222979697004 -2.2568207595992806 0.7930447879032103 1.2426787068902039 1.2174910366091751e-05 
1.1135145574067051 -1.6758321537393162 -2.255797007827214 0.7900309097833986 1.2426787070584435 1.2176928317231273e-05 
1.1135145590553002 -1.6748410964262437 -2.2552836004550096 0.7885264551506035 1.2426787070351493 1.217916071905023e-05 
1.113514561163285 -1.6738527327364743 -2.254769189688231 0.7870236908591668 1.2426787070588459 1.218123722956932e-05 
1.113514563264073 -1.67286707446394 -2.254253788773765 0.7855226421790373 1.2426787070946848 1.2183554298772492e-05 
1.1135145655138574 -1.6718841341969277 -2.2537374110457513 0.7840233343389178 1.2426787071365863 1.2185273561726717e-05 
1.1135145678162646 -1.6709039234992442 -2.2532200698990934 0.7825257924858482 1.2426787071804615 1.2186961480864511e-05 
1.1135145743843342 -1.6689517390239006 -2.2521825512970164 0.7795361069383837 1.24267870736852 1.218896187005214e-05 
1.1135145760940164 -1.667979785654767 -2.2516624009162527 0.7780440129244557 1.2426787073568608 1.219106393524072e-05 
1.1135145781089664 -1.6670106067568558 -2.251141341364436 0.7765537846164419 1.2426787073869106 1.2193326430320894e-05 
1.1135145801686441 -1.6660442133023814 -2.250619386349335 0.7750654466329907 1.2426787074354957 1.2195382708135583e-05 
1.1135145823838615 -1.6650806169320465 -2.250096549661728 0.7735790235487787 1.2426787074861707 1.2196901456817955e-05 
1.1135145882973534 -1.6631618592275386 -2.2490482867208 0.7706120199391266 1.2426787076298336 1.2199206731011714e-05 
1.1135145903507047 -1.6622067158679137 -2.2485228883084494 0.7691314880822011 1.2426787076699357 1.2201112858711838e-05 
1.1135145925508576 -1.661254410817909 -2.2479966639573803 0.767652968493973 1.242678707723222 1.2202883357126382e-05 
1.1135145947368068 -1.6603049538825854 -2.2474696277467725 0.7661764852650093 1.2426787077807253 1.2204712521501904e-05 
1.11351459704243 -1.6593583553837146 -2.246941793820242 0.7647020623904064 1.2426787078408355 1.2206185775909262e-05 
1.1135145992362148 -1.6584146243651574 -2.246413176367178 0.7632297237682826 1.2426787079018942 1.2207854743984115e-05 
1.1135146056513756 -1.656535806585338 -2.2453536479907497 0.7602913944442973 1.2426787081212893 1.2209577545441164e-05 
1.11351460702563 -1.6556007356219382 -2.2448227656812456 0.758825450878593 1.2426787081090405 1.2212084123497391e-05 
1.113514609058396 -1.654668569375918 -2.2442911571870354 0.7573616862211141 1.2426787081727007 1.221387973071586e-05 
1.1135146152533943 -1.6528129906892435 -2.243225819572893 0.7544407869379057 1.2426787083991284 1.2215569390683356e-05 
1.1135146168577528 -1.6518895931200737 -2.2426921194869056 0.7529836986347425 1.2426787084101418 1.2217327325814153e-05 
1.1135146187905542 -1.6509691350869407 -2.242157751381935 0.7515288821702484 1.2426787084616464 1.2219288288761732e-05 
1.1135146209518698 -1.65005162534184 -2.2416227299147824 0.7500763604615308 1.2426787085324538 1.2220815623464887e-05 
1.113514623154912 -1.6491370719918113 -2.2410870697978584 0.7486261563735255 1.2426787086056335 1.222227805630638e-05 
1.113514629425013 -1.647316868467426 -2.2400138927335966 0.7457327920965948 1.2426787088475288 1.222394405253624e-05 
1.1135146309422828 -1.6464112312497319 -2.2394764053925424 0.7442896769716176 1.242678708866956 1.2225770400497993e-05 
1.113514632821814 -1.6455085813301187 -2.2389383387240294 0.7428489699580263 1.2426787089253493 1.222759603791701e-05 
1.113514634943364 -1.6446089264278223 -2.2383997076572513 0.7414106933383229 1.2426787090028864 1.2229021069565249e-05 
1.1135146371121865 -1.643712273705872 -2.2378605271723835 0.7399748693390018 1.2426787090828642 1.2230397119949998e-05 
1.1135146393018118 -1.6428186302084793 -2.2373208122915678 0.7385415200848797 1.2426787091644957 1.2231740763368748e-05 
1.1135146415015598 -1.6419280028690109 -2.236780578077955 0.7371106675925017 1.242678709247465 1.223304785646917e-05 
1.1135146437067531 -1.6410403984845132 -2.2362398396345755 0.7356823337697653 1.2426787093316438 1.2234324153759246e-05 
1.1135146490960706 -1.6392742871002222 -2.2351569106846387 0.7328333092238539 1.2426787095223615 1.2236503173390645e-05 
1.1135146510639347 -1.6383957903672997 -2.2346147505497402 0.7314126617648222 1.2426787096038554 1.2238086529059444e-05 
1.1135146569633738 -1.6366479516508612 -2.2335291152926846 0.7285792039070671 1.242678709867655 1.223966377228436e-05 
1.1135146582206046 -1.6357786190552668 -2.232985670731189 0.7271664359599708 1.2426787098866088 1.2241496252229922e-05 
1.1135146600274712 -1.6349123525441138 -2.2324418287087724 0.7257563370391198 1.2426787099702956 1.2243133603817569e-05 
1.11351466590245 -1.633189044766115 -2.23135301388517 0.7229442301223532 1.2426787102407886 1.2244419212770197e-05 
