0.4175037735580383 7.359283798694615e-17 0.008137748154253777 3.141592653589793 2.6268158801295165e-16 3.141592653589793 
0.41844813384857366 7.359283798694615e-17 0.008137748154253777 3.141592653589793 2.6268158801295165e-16 3.141592653589793 
0.4193924567078068 7.359283798694615e-17 0.008137748154253777 3.141592653589793 2.6268158801295165e-16 3.141592653589793 
0.42033670470591905 7.359283798694615e-17 0.008137748154253777 3.141592653589793 2.6268158801295165e-16 3.141592653589793 
0.42128084041605907 7.359283798694615e-17 0.008137748154253777 3.141592653589793 2.6268158801295165e-16 3.141592653589793 
0.42222482641582626 7.359283798694615e-17 0.008137748154253777 3.141592653589793 2.6268158801295165e-16 3.141592653589793 
0.42316862528875393 7.359283798694615e-17 0.008137748154253777 3.141592653589793 2.6268158801295165e-16 3.141592653589793 
0.4241121996257926 7.359283798694615e-17 0.008137748154253777 3.141592653589793 2.6268158801295165e-16 3.141592653589793 
0.4250555120267926 7.359283798694615e-17 0.008137748154253777 3.141592653589793 2.6268158801295165e-16 3.141592653589793 
0.42599852510198655 7.359283798694615e-17 0.008137748154253777 3.141592653589793 2.6268158801295165e-16 3.141592653589793 
0.42694120147347125 7.359283798694615e-17 0.008137748154253777 3.141592653589793 2.6268158801295165e-16 3.141592653589793 
0.42788350377668943 7.359283798694615e-17 0.008137748154253777 3.141592653589793 2.6268158801295165e-16 3.141592653589793 
0.4288253946619106 7.359283798694615e-17 0.008137748154253777 3.141592653589793 2.6268158801295165e-16 3.141592653589793 
0.4297668367957116 7.359283798694615e-17 0.008137748154253777 3.141592653589793 2.6268158801295165e-16 3.141592653589793 
0.4307077928624561 7.359283798694615e-17 0.008137748154253777 3.141592653589793 2.6268158801295165e-16 3.141592653589793 
0.431648225565774 7.359283798694615e-17 0.008137748154253777 3.141592653589793 2.6268158801295165e-16 3.141592653589793 
0.43258809763003947 7.359283798694615e-17 0.008137748154253777 3.141592653589793 2.6268158801295165e-16 3.141592653589793 
0.43352737180184875 7.359283798694615e-17 0.008137748154253777 3.141592653589793 2.6268158801295165e-16 3.141592653589793 
0.43446601085149633 7.359283798694615e-17 0.008137748154253777 3.141592653589793 2.6268158801295165e-16 3.141592653589793 
0.43540397757445093 7.359283798694615e-17 0.008137748154253777 3.141592653589793 2.6268158801295165e-16 3.141592653589793 
0.4363412347928301 7.359283798694615e-17 0.008137748154253777 3.141592653589793 2.6268158801295165e-16 3.141592653589793 
0.4372777453568737 7.359283798694615e-17 0.008137748154253777 3.141592653589793 2.6268158801295165e-16 3.141592653589793 
0.43821347214641654 7.359283798694615e-17 0.008137748154253777 3.141592653589793 2.6268158801295165e-16 3.141592653589793 
0.4391483780723596 7.359283798694615e-17 0.008137748154253777 3.141592653589793 2.6268158801295165e-16 3.141592653589793 
0.4400824260781403 7.359283798694615e-17 0.008137748154253777 3.141592653589793 2.6268158801295165e-16 3.141592653589793 
0.441015579141201 7.359283798694615e-17 0.008137748154253777 3.141592653589793 2.6268158801295165e-16 3.141592653589793 
0.4419478002744567 7.359283798694615e-17 0.008137748154253777 3.141592653589793 2.6268158801295165e-16 3.141592653589793 
0.4428790525277609 7.359283798694615e-17 0.008137748154253777 3.141592653589793 2.6268158801295165e-16 3.141592653589793 
0.44380929898937044 7.359283798694615e-17 0.008137748154253777 3.141592653589793 2.6268158801295165e-16 3.141592653589793 
0.44473850278740834 7.359283798694615e-17 0.008137748154253777 3.141592653589793 2.6268158801295165e-16 3.141592653589793 
0.44566662709132526 7.359283798694615e-17 0.008137748154253777 3.141592653589793 2.6268158801295165e-16 3.141592653589793 
0.4465936351133595 7.359283798694615e-17 0.008137748154253777 3.141592653589793 2.6268158801295165e-16 3.141592653589793 
0.447519490109995 7.359283798694615e-17 0.008137748154253777 3.141592653589793 2.6268158801295165e-16 3.141592653589793 
0.44844415538341786 7.359283798694615e-17 0.008137748154253777 3.141592653589793 2.6268158801295165e-16 3.141592653589793 
0.4493675942829708 7.359283798694615e-17 0.008137748154253777 3.141592653589793 2.6268158801295165e-16 3.141592653589793 
0.45028977020660593 7.359283798694615e-17 0.008137748154253777 3.141592653589793 2.6268158801295165e-16 3.141592653589793 
0.4512106466023356 7.359283798694615e-17 0.008137748154253777 3.141592653589793 2.6268158801295165e-16 3.141592653589793 
0.45213018696968105 7.359283798694615e-17 0.008137748154253777 3.141592653589793 2.6268158801295165e-16 3.141592653589793 
0.4530483548611192 7.359283798694615e-17 0.008137748154253777 3.141592653589793 2.6268158801295165e-16 3.141592653589793 
0.4539651138835275 7.359283798694615e-17 0.008137748154253777 3.141592653589793 2.6268158801295165e-16 3.141592653589793 
0.4548804276996261 7.359283798694615e-17 0.008137748154253777 3.141592653589793 2.6268158801295165e-16 3.141592653589793 
0.45579426002941853 7.359283798694615e-17 0.008137748154253777 3.141592653589793 2.6268158801295165e-16 3.141592653589793 
0.4567065746516293 7.359283798694615e-17 0.008137748154253777 3.141592653589793 2.6268158801295165e-16 3.141592653589793 
0.45761733540513994 7.359283798694615e-17 0.008137748154253777 3.141592653589793 2.6268158801295165e-16 3.141592653589793 
0.4585265061904221 7.359283798694615e-17 0.008137748154253777 3.141592653589793 2.6268158801295165e-16 3.141592653589793 
0.4594340509709687 7.359283798694615e-17 0.008137748154253777 3.141592653589793 2.6268158801295165e-16 3.141592653589793 
0.4603399337747216 7.359283798694615e-17 0.008137748154253777 3.141592653589793 2.6268158801295165e-16 3.141592653589793 
0.4612441186954984 7.359283798694615e-17 0.008137748154253777 3.141592653589793 2.6268158801295165e-16 3.141592653589793 
0.4621465698944149 7.359283798694615e-17 0.008137748154253777 3.141592653589793 2.6268158801295165e-16 3.141592653589793 
0.4630472516013059 7.359283798694615e-17 0.008137748154253777 3.141592653589793 2.6268158801295165e-16 3.141592653589793 
0.4639461281161429 7.359283798694615e-17 0.008137748154253777 3.141592653589793 2.6268158801295165e-16 3.141592653589793 
0.4648431638104494 7.359283798694615e-17 0.008137748154253777 3.141592653589793 2.6268158801295165e-16 3.141592653589793 
0.46573832312871266 7.359283798694615e-17 0.008137748154253777 3.141592653589793 2.6268158801295165e-16 3.141592653589793 
0.4666315705897936 7.359283798694615e-17 0.008137748154253777 3.141592653589793 2.6268158801295165e-16 3.141592653589793 
0.46752287078833243 7.359283798694615e-17 0.008137748154253777 3.141592653589793 2.6268158801295165e-16 3.141592653589793 
0.4684121883961525 7.359283798694615e-17 0.008137748154253777 3.141592653589793 2.6268158801295165e-16 3.141592653589793 
0.4692994881636607 7.359283798694615e-17 0.008137748154253777 3.141592653589793 2.6268158801295165e-16 3.141592653589793 
0.47018473492124396 7.359283798694615e-17 0.008137748154253777 3.141592653589793 2.6268158801295165e-16 3.141592653589793 
0.4710678935806641 7.359283798694615e-17 0.008137748154253777 3.141592653589793 2.6268158801295165e-16 3.141592653589793 
0.471948929136448 7.359283798694615e-17 0.008137748154253777 3.141592653589793 2.6268158801295165e-16 3.141592653589793 
0.4728278066672753 7.359283798694615e-17 0.008137748154253777 3.141592653589793 2.6268158801295165e-16 3.141592653589793 
0.4737044913373627 7.359283798694615e-17 0.008137748154253777 3.141592653589793 2.6268158801295165e-16 3.141592653589793 
0.47457894839784454 7.359283798694615e-17 0.008137748154253777 3.141592653589793 2.6268158801295165e-16 3.141592653589793 
0.4754511431881501 7.359283798694615e-17 0.008137748154253777 3.141592653589793 2.6268158801295165e-16 3.141592653589793 
0.4763210411373778 7.359283798694615e-17 0.008137748154253777 3.141592653589793 2.6268158801295165e-16 3.141592653589793 
0.47718860776566485 7.359283798694615e-17 0.008137748154253777 3.141592653589793 2.6268158801295165e-16 3.141592653589793 
0.4780538086855546 7.359283798694615e-17 0.008137748154253777 3.141592653589793 2.6268158801295165e-16 3.141592653589793 
0.47891660960335897 7.359283798694615e-17 0.008137748154253777 3.141592653589793 2.6268158801295165e-16 3.141592653589793 
0.4797769763205181 7.359283798694615e-17 0.008137748154253777 3.141592653589793 2.6268158801295165e-16 3.141592653589793 
0.48063487473495575 7.359283798694615e-17 0.008137748154253777 3.141592653589793 2.6268158801295165e-16 3.141592653589793 
0.48149027084243096 7.359283798694615e-17 0.008137748154253777 3.141592653589793 2.6268158801295165e-16 3.141592653589793 
0.48234313073788593 7.359283798694615e-17 0.008137748154253777 3.141592653589793 2.6268158801295165e-16 3.141592653589793 
0.4831934206167898 7.359283798694615e-17 0.008137748154253777 3.141592653589793 2.6268158801295165e-16 3.141592653589793 
0.4840411067764788 7.359283798694615e-17 0.008137748154253777 3.141592653589793 2.6268158801295165e-16 3.141592653589793 
0.48488615561749177 7.359283798694615e-17 0.008137748154253777 3.141592653589793 2.6268158801295165e-16 3.141592653589793 
0.48572853364490204 7.359283798694615e-17 0.008137748154253777 3.141592653589793 2.6268158801295165e-16 3.141592653589793 
0.4865682074696453 7.359283798694615e-17 0.008137748154253777 3.141592653589793 2.6268158801295165e-16 3.141592653589793 
0.48740514380984273 7.359283798694615e-17 0.008137748154253777 3.141592653589793 2.6268158801295165e-16 3.141592653589793 
0.4882393094921203 7.359283798694615e-17 0.008137748154253777 3.141592653589793 2.6268158801295165e-16 3.141592653589793 
0.48907067145292366 7.359283798694615e-17 0.008137748154253777 3.141592653589793 2.6268158801295165e-16 3.141592653589793 
0.48989919673982874 7.359283798694615e-17 0.008137748154253777 3.141592653589793 2.6268158801295165e-16 3.141592653589793 
0.4907248525128476 7.359283798694615e-17 0.008137748154253777 3.141592653589793 2.6268158801295165e-16 3.141592653589793 
0.49154760604573045 7.359283798694615e-17 0.008137748154253777 3.141592653589793 2.6268158801295165e-16 3.141592653589793 
0.4923674247272627 7.359283798694615e-17 0.008137748154253777 3.141592653589793 2.6268158801295165e-16 3.141592653589793 
0.4931842760625572 7.359283798694615e-17 0.008137748154253777 3.141592653589793 2.6268158801295165e-16 3.141592653589793 
0.49399812767434303 7.359283798694615e-17 0.008137748154253777 3.141592653589793 2.6268158801295165e-16 3.141592653589793 
0.49480894730424785 7.359283798694615e-17 0.008137748154253777 3.141592653589793 2.6268158801295165e-16 3.141592653589793 
0.4956167028140773 7.359283798694615e-17 0.008137748154253777 3.141592653589793 2.6268158801295165e-16 3.141592653589793 
0.4964213621870885 7.359283798694615e-17 0.008137748154253777 3.141592653589793 2.6268158801295165e-16 3.141592653589793 
0.497222893529259 7.359283798694615e-17 0.008137748154253777 3.141592653589793 2.6268158801295165e-16 3.141592653589793 
0.49802126507055133 7.359283798694615e-17 0.008137748154253777 3.141592653589793 2.6268158801295165e-16 3.141592653589793 
0.4988164451661718 7.359283798694615e-17 0.008137748154253777 3.141592653589793 2.6268158801295165e-16 3.141592653589793 
0.4996084022978251 7.359283798694615e-17 0.008137748154253777 3.141592653589793 2.6268158801295165e-16 3.141592653589793 
0.5003971050749636 7.359283798694615e-17 0.008137748154253777 3.141592653589793 2.6268158801295165e-16 3.141592653589793 
0.5011825222360312 7.359283798694615e-17 0.008137748154253777 3.141592653589793 2.6268158801295165e-16 3.141592653589793 
0.5019646226497031 7.359283798694615e-17 0.008137748154253777 3.141592653589793 2.6268158801295165e-16 3.141592653589793 
0.5027433753161189 7.359283798694615e-17 0.008137748154253777 3.141592653589793 2.6268158801295165e-16 3.141592653589793 
0.503518749368112 7.359283798694615e-17 0.008137748154253777 3.141592653589793 2.6268158801295165e-16 3.141592653589793 
0.504290714072433 7.359283798694615e-17 0.008137748154253777 3.141592653589793 2.6268158801295165e-16 3.141592653589793 
0.5050592388309673 7.359283798694615e-17 0.008137748154253777 3.141592653589793 2.6268158801295165e-16 3.141592653589793 
0.5058242931819487 7.359283798694615e-17 0.008137748154253777 3.141592653589793 2.6268158801295165e-16 3.141592653589793 
0.5065858468011661 7.359283798694615e-17 0.008137748154253777 3.141592653589793 2.6268158801295165e-16 3.141592653589793 
0.5073438695031661 7.359283798694615e-17 0.008137748154253777 3.141592653589793 2.6268158801295165e-16 3.141592653589793 
0.5080983312424489 7.359283798694615e-17 0.008137748154253777 3.141592653589793 2.6268158801295165e-16 3.141592653589793 
0.5088492021146593 7.359283798694615e-17 0.008137748154253777 3.141592653589793 2.6268158801295165e-16 3.141592653589793 
0.5095964523577725 7.359283798694615e-17 0.008137748154253777 3.141592653589793 2.6268158801295165e-16 3.141592653589793 
0.5103400523532732 7.359283798694615e-17 0.008137748154253777 3.141592653589793 2.6268158801295165e-16 3.141592653589793 
0.5110799726273296 7.359283798694615e-17 0.008137748154253777 3.141592653589793 2.6268158801295165e-16 3.141592653589793 
0.5118161838519621 7.359283798694615e-17 0.008137748154253777 3.141592653589793 2.6268158801295165e-16 3.141592653589793 
0.5125486568462057 7.359283798694615e-17 0.008137748154253777 3.141592653589793 2.6268158801295165e-16 3.141592653589793 
0.5132773625772655 7.359283798694615e-17 0.008137748154253777 3.141592653589793 2.6268158801295165e-16 3.141592653589793 
0.5140022721616695 7.359283798694615e-17 0.008137748154253777 3.141592653589793 2.6268158801295165e-16 3.141592653589793 
0.5147233568664117 7.359283798694615e-17 0.008137748154253777 3.141592653589793 2.6268158801295165e-16 3.141592653589793 
0.5154405881100916 7.359283798694615e-17 0.008137748154253777 3.141592653589793 2.6268158801295165e-16 3.141592653589793 
0.5161539374640476 7.359283798694615e-17 0.008137748154253777 3.141592653589793 2.6268158801295165e-16 3.141592653589793 
0.5168633766534825 7.359283798694615e-17 0.008137748154253777 3.141592653589793 2.6268158801295165e-16 3.141592653589793 
0.5175688775585857 7.359283798694615e-17 0.008137748154253777 3.141592653589793 2.6268158801295165e-16 3.141592653589793 
0.5182704122156468 7.359283798694615e-17 0.008137748154253777 3.141592653589793 2.6268158801295165e-16 3.141592653589793 
0.5189679528181645 7.359283798694615e-17 0.008137748154253777 3.141592653589793 2.6268158801295165e-16 3.141592653589793 
0.5196614717179482 7.359283798694615e-17 0.008137748154253777 3.141592653589793 2.6268158801295165e-16 3.141592653589793 
0.5203509414262144 7.359283798694615e-17 0.008137748154253777 3.141592653589793 2.6268158801295165e-16 3.141592653589793 
0.5210363346146762 7.359283798694615e-17 0.008137748154253777 3.141592653589793 2.6268158801295165e-16 3.141592653589793 
0.5217176241166264 7.359283798694615e-17 0.008137748154253777 3.141592653589793 2.6268158801295165e-16 3.141592653589793 
0.522394782928014 7.359283798694615e-17 0.008137748154253777 3.141592653589793 2.6268158801295165e-16 3.141592653589793 
0.523067784208515 7.359283798694615e-17 0.008137748154253777 3.141592653589793 2.6268158801295165e-16 3.141592653589793 
0.5237366012825962 7.359283798694615e-17 0.008137748154253777 3.141592653589793 2.6268158801295165e-16 3.141592653589793 
0.5244012076405724 7.359283798694615e-17 0.008137748154253777 3.141592653589793 2.6268158801295165e-16 3.141592653589793 
0.5250615769396572 7.359283798694615e-17 0.008137748154253777 3.141592653589793 2.6268158801295165e-16 3.141592653589793 
0.5257176830050069 7.359283798694615e-17 0.008137748154253777 3.141592653589793 2.6268158801295165e-16 3.141592653589793 
0.5263694998307585 7.359283798694615e-17 0.008137748154253777 3.141592653589793 2.6268158801295165e-16 3.141592653589793 
0.5270170015810601 7.359283798694615e-17 0.008137748154253777 3.141592653589793 2.6268158801295165e-16 3.141592653589793 
0.5276601625910949 7.359283798694615e-17 0.008137748154253777 3.141592653589793 2.6268158801295165e-16 3.141592653589793 
0.528298957368099 7.359283798694615e-17 0.008137748154253777 3.141592653589793 2.6268158801295165e-16 3.141592653589793 
0.528933360592371 7.359283798694615e-17 0.008137748154253777 3.141592653589793 2.6268158801295165e-16 3.141592653589793 
0.5295633471182761 7.359283798694615e-17 0.008137748154253777 3.141592653589793 2.6268158801295165e-16 3.141592653589793 
0.5301888919752432 7.359283798694615e-17 0.008137748154253777 3.141592653589793 2.6268158801295165e-16 3.141592653589793 
0.5308099703687538 7.359283798694615e-17 0.008137748154253777 3.141592653589793 2.6268158801295165e-16 3.141592653589793 
0.5314265576813252 7.359283798694615e-17 0.008137748154253777 3.141592653589793 2.6268158801295165e-16 3.141592653589793 
0.5320386294734862 7.359283798694615e-17 0.008137748154253777 3.141592653589793 2.6268158801295165e-16 3.141592653589793 
0.532646161484746 7.359283798694615e-17 0.008137748154253777 3.141592653589793 2.6268158801295165e-16 3.141592653589793 
0.5332491296345554 7.359283798694615e-17 0.008137748154253777 3.141592653589793 2.6268158801295165e-16 3.141592653589793 
0.5338475100232617 7.359283798694615e-17 0.008137748154253777 3.141592653589793 2.6268158801295165e-16 3.141592653589793 
0.5344412789330556 7.359283798694615e-17 0.008137748154253777 3.141592653589793 2.6268158801295165e-16 3.141592653589793 
0.5350304128289115 7.359283798694615e-17 0.008137748154253777 3.141592653589793 2.6268158801295165e-16 3.141592653589793 
0.5356148883595206 7.359283798694615e-17 0.008137748154253777 3.141592653589793 2.6268158801295165e-16 3.141592653589793 
0.5361946823582161 7.359283798694615e-17 0.008137748154253777 3.141592653589793 2.6268158801295165e-16 3.141592653589793 
0.5367697718438913 7.359283798694615e-17 0.008137748154253777 3.141592653589793 2.6268158801295165e-16 3.141592653589793 
0.537340134021911 7.359283798694615e-17 0.008137748154253777 3.141592653589793 2.6268158801295165e-16 3.141592653589793 
0.5379057462850148 7.359283798694615e-17 0.008137748154253777 3.141592653589793 2.6268158801295165e-16 3.141592653589793 
0.538466586214213 7.359283798694615e-17 0.008137748154253777 3.141592653589793 2.6268158801295165e-16 3.141592653589793 
0.5390226315796753 7.359283798694615e-17 0.008137748154253777 3.141592653589793 2.6268158801295165e-16 3.141592653589793 
0.5395738603416121 7.359283798694615e-17 0.008137748154253777 3.141592653589793 2.6268158801295165e-16 3.141592653589793 
0.5401202506511481 7.359283798694615e-17 0.008137748154253777 3.141592653589793 2.6268158801295165e-16 3.141592653589793 
0.5406617808511878 7.359283798694615e-17 0.008137748154253777 3.141592653589793 2.6268158801295165e-16 3.141592653589793 
0.5411984294772746 7.359283798694615e-17 0.008137748154253777 3.141592653589793 2.6268158801295165e-16 3.141592653589793 
0.5417301752584409 7.359283798694615e-17 0.008137748154253777 3.141592653589793 2.6268158801295165e-16 3.141592653589793 
0.542256997118052 7.359283798694615e-17 0.008137748154253777 3.141592653589793 2.6268158801295165e-16 3.141592653589793 
0.5427788741746408 7.359283798694615e-17 0.008137748154253777 3.141592653589793 2.6268158801295165e-16 3.141592653589793 
0.5432957857427358 7.359283798694615e-17 0.008137748154253777 3.141592653589793 2.6268158801295165e-16 3.141592653589793 
0.5438077113336811 7.359283798694615e-17 0.008137748154253777 3.141592653589793 2.6268158801295165e-16 3.141592653589793 
0.5443146306564481 7.359283798694615e-17 0.008137748154253777 3.141592653589793 2.6268158801295165e-16 3.141592653589793 
0.5448165236184404 7.359283798694615e-17 0.008137748154253777 3.141592653589793 2.6268158801295165e-16 3.141592653589793 
0.5453133703262892 7.359283798694615e-17 0.008137748154253777 3.141592653589793 2.6268158801295165e-16 3.141592653589793 
0.5458051510866433 7.359283798694615e-17 0.008137748154253777 3.141592653589793 2.6268158801295165e-16 3.141592653589793 
0.546291846406948 7.359283798694615e-17 0.008137748154253777 3.141592653589793 2.6268158801295165e-16 3.141592653589793 
0.546773436996219 7.359283798694615e-17 0.008137748154253777 3.141592653589793 2.6268158801295165e-16 3.141592653589793 
0.5472499037658066 7.359283798694615e-17 0.008137748154253777 3.141592653589793 2.6268158801295165e-16 3.141592653589793 
0.547721227830152 7.359283798694615e-17 0.008137748154253777 3.141592653589793 2.6268158801295165e-16 3.141592653589793 
0.5481873905075363 7.359283798694615e-17 0.008137748154253777 3.141592653589793 2.6268158801295165e-16 3.141592653589793 
0.5486483733208207 7.359283798694615e-17 0.008137748154253777 3.141592653589793 2.6268158801295165e-16 3.141592653589793 
0.5491041579981792 7.359283798694615e-17 0.008137748154253777 3.141592653589793 2.6268158801295165e-16 3.141592653589793 
0.5495547264738225 7.359283798694615e-17 0.008137748154253777 3.141592653589793 2.6268158801295165e-16 3.141592653589793 
0.5500000608887141 7.359283798694615e-17 0.008137748154253777 3.141592653589793 2.6268158801295165e-16 3.141592653589793 
0.5504401435912785 7.359283798694615e-17 0.008137748154253777 3.141592653589793 2.6268158801295165e-16 3.141592653589793 
0.5508749571381004 7.359283798694615e-17 0.008137748154253777 3.141592653589793 2.6268158801295165e-16 3.141592653589793 
0.5513044842946165 7.359283798694615e-17 0.008137748154253777 3.141592653589793 2.6268158801295165e-16 3.141592653589793 
0.5517287080357983 7.359283798694615e-17 0.008137748154253777 3.141592653589793 2.6268158801295165e-16 3.141592653589793 
0.552147611546827 7.359283798694615e-17 0.008137748154253777 3.141592653589793 2.6268158801295165e-16 3.141592653589793 
0.5525611782237603 7.359283798694615e-17 0.008137748154253777 3.141592653589793 2.6268158801295165e-16 3.141592653589793 
0.5529693916741898 7.359283798694615e-17 0.008137748154253777 3.141592653589793 2.6268158801295165e-16 3.141592653589793 
0.5533722357178918 7.359283798694615e-17 0.008137748154253777 3.141592653589793 2.6268158801295165e-16 3.141592653589793 
0.5537696943874676 7.359283798694615e-17 0.008137748154253777 3.141592653589793 2.6268158801295165e-16 3.141592653589793 
0.5541617519289769 7.359283798694615e-17 0.008137748154253777 3.141592653589793 2.6268158801295165e-16 3.141592653589793 
0.5545483928025622 7.359283798694615e-17 0.008137748154253777 3.141592653589793 2.6268158801295165e-16 3.141592653589793 
0.5549296016830647 7.359283798694615e-17 0.008137748154253777 3.141592653589793 2.6268158801295165e-16 3.141592653589793 
0.555305363460632 7.359283798694615e-17 0.008137748154253777 3.141592653589793 2.6268158801295165e-16 3.141592653589793 
0.5556756632413162 7.359283798694615e-17 0.008137748154253777 3.141592653589793 2.6268158801295165e-16 3.141592653589793 
0.5560404863476652 7.359283798694615e-17 0.008137748154253777 3.141592653589793 2.6268158801295165e-16 3.141592653589793 
0.5563998183193041 7.359283798694615e-17 0.008137748154253777 3.141592653589793 2.6268158801295165e-16 3.141592653589793 
0.556753644913508 7.359283798694615e-17 0.008137748154253777 3.141592653589793 2.6268158801295165e-16 3.141592653589793 
0.5571019521057672 7.359283798694615e-17 0.008137748154253777 3.141592653589793 2.6268158801295165e-16 3.141592653589793 
0.5574447260903426 7.359283798694615e-17 0.008137748154253777 3.141592653589793 2.6268158801295165e-16 3.141592653589793 
0.5577819532808128 7.359283798694615e-17 0.008137748154253777 3.141592653589793 2.6268158801295165e-16 3.141592653589793 
0.5581136203106134 7.359283798694615e-17 0.008137748154253777 3.141592653589793 2.6268158801295165e-16 3.141592653589793 
0.558439714033566 7.359283798694615e-17 0.008137748154253777 3.141592653589793 2.6268158801295165e-16 3.141592653589793 
0.5587602215243995 7.359283798694615e-17 0.008137748154253777 3.141592653589793 2.6268158801295165e-16 3.141592653589793 
0.5590751300792625 7.359283798694615e-17 0.008137748154253777 3.141592653589793 2.6268158801295165e-16 3.141592653589793 
0.5593844272162269 7.359283798694615e-17 0.008137748154253777 3.141592653589793 2.6268158801295165e-16 3.141592653589793 
0.5596881006757825 7.359283798694615e-17 0.008137748154253777 3.141592653589793 2.6268158801295165e-16 3.141592653589793 
0.5599861384213228 7.359283798694615e-17 0.008137748154253777 3.141592653589793 2.6268158801295165e-16 3.141592653589793 
0.5602785286396227 7.359283798694615e-17 0.008137748154253777 3.141592653589793 2.6268158801295165e-16 3.141592653589793 
0.5605652597413059 7.359283798694615e-17 0.008137748154253777 3.141592653589793 2.6268158801295165e-16 3.141592653589793 
0.5608463203613048 7.359283798694615e-17 0.008137748154253777 3.141592653589793 2.6268158801295165e-16 3.141592653589793 
0.5611216993593109 7.359283798694615e-17 0.008137748154253777 3.141592653589793 2.6268158801295165e-16 3.141592653589793 
0.5613913858202162 7.359283798694615e-17 0.008137748154253777 3.141592653589793 2.6268158801295165e-16 3.141592653589793 
0.5616553690545459 7.359283798694615e-17 0.008137748154253777 3.141592653589793 2.6268158801295165e-16 3.141592653589793 
0.5619136385988825 7.359283798694615e-17 0.008137748154253777 3.141592653589793 2.6268158801295165e-16 3.141592653589793 
0.5621661842162798 7.359283798694615e-17 0.008137748154253777 3.141592653589793 2.6268158801295165e-16 3.141592653589793 
0.562412995896669 7.359283798694615e-17 0.008137748154253777 3.141592653589793 2.6268158801295165e-16 3.141592653589793 
0.562654063857256 7.359283798694615e-17 0.008137748154253777 3.141592653589793 2.6268158801295165e-16 3.141592653589793 
0.5628893785429079 7.359283798694615e-17 0.008137748154253777 3.141592653589793 2.6268158801295165e-16 3.141592653589793 
0.5631189306265332 7.359283798694615e-17 0.008137748154253777 3.141592653589793 2.6268158801295165e-16 3.141592653589793 
0.5633427110094503 7.359283798694615e-17 0.008137748154253777 3.141592653589793 2.6268158801295165e-16 3.141592653589793 
0.5635607108217489 7.359283798694615e-17 0.008137748154253777 3.141592653589793 2.6268158801295165e-16 3.141592653589793 
0.5637729214226412 7.359283798694615e-17 0.008137748154253777 3.141592653589793 2.6268158801295165e-16 3.141592653589793 
0.5639793344008045 7.359283798694615e-17 0.008137748154253777 3.141592653589793 2.6268158801295165e-16 3.141592653589793 
0.5641799415747145 7.359283798694615e-17 0.008137748154253777 3.141592653589793 2.6268158801295165e-16 3.141592653589793 
0.56437473499297 7.359283798694615e-17 0.008137748154253777 3.141592653589793 2.6268158801295165e-16 3.141592653589793 
0.5645637069346072 7.359283798694615e-17 0.008137748154253777 3.141592653589793 2.6268158801295165e-16 3.141592653589793 
0.564746849909407 7.359283798694615e-17 0.008137748154253777 3.141592653589793 2.6268158801295165e-16 3.141592653589793 
0.5649241566581904 7.359283798694615e-17 0.008137748154253777 3.141592653589793 2.6268158801295165e-16 3.141592653589793 
0.5650956201531075 7.359283798694615e-17 0.008137748154253777 3.141592653589793 2.6268158801295165e-16 3.141592653589793 
0.5652612335979155 7.359283798694615e-17 0.008137748154253777 3.141592653589793 2.6268158801295165e-16 3.141592653589793 
0.5654209904282479 7.359283798694615e-17 0.008137748154253777 3.141592653589793 2.6268158801295165e-16 3.141592653589793 
0.5655748843118752 7.359283798694615e-17 0.008137748154253777 3.141592653589793 2.6268158801295165e-16 3.141592653589793 
0.5657229091489554 7.359283798694615e-17 0.008137748154253777 3.141592653589793 2.6268158801295165e-16 3.141592653589793 
0.5658650590722761 7.359283798694615e-17 0.008137748154253777 3.141592653589793 2.6268158801295165e-16 3.141592653589793 
0.5660013284474871 7.359283798694615e-17 0.008137748154253777 3.141592653589793 2.6268158801295165e-16 3.141592653589793 
0.5661317118733231 7.359283798694615e-17 0.008137748154253777 3.141592653589793 2.6268158801295165e-16 3.141592653589793 
0.5662562041818189 7.359283798694615e-17 0.008137748154253777 3.141592653589793 2.6268158801295165e-16 3.141592653589793 
0.5663748004385132 7.359283798694615e-17 0.008137748154253777 3.141592653589793 2.6268158801295165e-16 3.141592653589793 
0.5664874959426445 7.359283798694615e-17 0.008137748154253777 3.141592653589793 2.6268158801295165e-16 3.141592653589793 
0.5665942862273378 7.359283798694615e-17 0.008137748154253777 3.141592653589793 2.6268158801295165e-16 3.141592653589793 
0.5666951670597813 7.359283798694615e-17 0.008137748154253777 3.141592653589793 2.6268158801295165e-16 3.141592653589793 
0.5667901344413941 7.359283798694615e-17 0.008137748154253777 3.141592653589793 2.6268158801295165e-16 3.141592653589793 
0.566879184607985 7.359283798694615e-17 0.008137748154253777 3.141592653589793 2.6268158801295165e-16 3.141592653589793 
0.5669623140299015 7.359283798694615e-17 0.008137748154253777 3.141592653589793 2.6268158801295165e-16 3.141592653589793 
0.5670395194121696 7.359283798694615e-17 0.008137748154253777 3.141592653589793 2.6268158801295165e-16 3.141592653589793 
0.5671107976946246 7.359283798694615e-17 0.008137748154253777 3.141592653589793 2.6268158801295165e-16 3.141592653589793 
0.5671761460520324 7.359283798694615e-17 0.008137748154253777 3.141592653589793 2.6268158801295165e-16 3.141592653589793 
0.5672355618942014 7.359283798694615e-17 0.008137748154253777 3.141592653589793 2.6268158801295165e-16 3.141592653589793 
0.5672890428660853 7.359283798694615e-17 0.008137748154253777 3.141592653589793 2.6268158801295165e-16 3.141592653589793 
0.5673365868478758 7.359283798694615e-17 0.008137748154253777 3.141592653589793 2.6268158801295165e-16 3.141592653589793 
0.5673781919550879 7.359283798694615e-17 0.008137748154253777 3.141592653589793 2.6268158801295165e-16 3.141592653589793 
0.5674138565386332 7.359283798694615e-17 0.008137748154253777 3.141592653589793 2.6268158801295165e-16 3.141592653589793 
0.5674435791848864 7.359283798694615e-17 0.008137748154253777 3.141592653589793 2.6268158801295165e-16 3.141592653589793 
0.5674673587157404 7.359283798694615e-17 0.008137748154253777 3.141592653589793 2.6268158801295165e-16 3.141592653589793 
0.5674851941886538 7.359283798694615e-17 0.008137748154253777 3.141592653589793 2.6268158801295165e-16 3.141592653589793 
0.5674970848966878 7.359283798694615e-17 0.008137748154253777 3.141592653589793 2.6268158801295165e-16 3.141592653589793 
0.5675030303685342 7.359283798694615e-17 0.008137748154253777 3.141592653589793 2.6268158801295165e-16 3.141592653589793 
0.5675030303685342 7.359283798694615e-17 0.008137748154253777 3.141592653589793 2.6268158801295165e-16 3.141592653589793 
0.5674970848966878 7.359283798694615e-17 0.008137748154253777 3.141592653589793 2.6268158801295165e-16 3.141592653589793 
0.5674851941886538 7.359283798694615e-17 0.008137748154253777 3.141592653589793 2.6268158801295165e-16 3.141592653589793 
0.5674673587157404 7.359283798694615e-17 0.008137748154253777 3.141592653589793 2.6268158801295165e-16 3.141592653589793 
0.5674435791848864 7.359283798694615e-17 0.008137748154253777 3.141592653589793 2.6268158801295165e-16 3.141592653589793 
0.5674138565386332 7.359283798694615e-17 0.008137748154253777 3.141592653589793 2.6268158801295165e-16 3.141592653589793 
0.5673781919550879 7.359283798694615e-17 0.008137748154253777 3.141592653589793 2.6268158801295165e-16 3.141592653589793 
0.5673365868478759 7.359283798694615e-17 0.008137748154253777 3.141592653589793 2.6268158801295165e-16 3.141592653589793 
0.5672890428660853 7.359283798694615e-17 0.008137748154253777 3.141592653589793 2.6268158801295165e-16 3.141592653589793 
0.5672355618942014 7.359283798694615e-17 0.008137748154253777 3.141592653589793 2.6268158801295165e-16 3.141592653589793 
0.5671761460520324 7.359283798694615e-17 0.008137748154253777 3.141592653589793 2.6268158801295165e-16 3.141592653589793 
0.5671107976946246 7.359283798694615e-17 0.008137748154253777 3.141592653589793 2.6268158801295165e-16 3.141592653589793 
0.5670395194121696 7.359283798694615e-17 0.008137748154253777 3.141592653589793 2.6268158801295165e-16 3.141592653589793 
0.5669623140299015 7.359283798694615e-17 0.008137748154253777 3.141592653589793 2.6268158801295165e-16 3.141592653589793 
0.566879184607985 7.359283798694615e-17 0.008137748154253777 3.141592653589793 2.6268158801295165e-16 3.141592653589793 
0.5667901344413941 7.359283798694615e-17 0.008137748154253777 3.141592653589793 2.6268158801295165e-16 3.141592653589793 
0.5666951670597813 7.359283798694615e-17 0.008137748154253777 3.141592653589793 2.6268158801295165e-16 3.141592653589793 
0.5665942862273378 7.359283798694615e-17 0.008137748154253777 3.141592653589793 2.6268158801295165e-16 3.141592653589793 
0.5664874959426445 7.359283798694615e-17 0.008137748154253777 3.141592653589793 2.6268158801295165e-16 3.141592653589793 
0.5663748004385132 7.359283798694615e-17 0.008137748154253777 3.141592653589793 2.6268158801295165e-16 3.141592653589793 
0.5662562041818189 7.359283798694615e-17 0.008137748154253777 3.141592653589793 2.6268158801295165e-16 3.141592653589793 
0.5661317118733231 7.359283798694615e-17 0.008137748154253777 3.141592653589793 2.6268158801295165e-16 3.141592653589793 
0.5660013284474871 7.359283798694615e-17 0.008137748154253777 3.141592653589793 2.6268158801295165e-16 3.141592653589793 
0.5658650590722761 7.359283798694615e-17 0.008137748154253777 3.141592653589793 2.6268158801295165e-16 3.141592653589793 
0.5657229091489554 7.359283798694615e-17 0.008137748154253777 3.141592653589793 2.6268158801295165e-16 3.141592653589793 
0.5655748843118752 7.359283798694615e-17 0.008137748154253777 3.141592653589793 2.6268158801295165e-16 3.141592653589793 
0.5654209904282479 7.359283798694615e-17 0.008137748154253777 3.141592653589793 2.6268158801295165e-16 3.141592653589793 
0.5652612335979155 7.359283798694615e-17 0.008137748154253777 3.141592653589793 2.6268158801295165e-16 3.141592653589793 
0.5650956201531075 7.359283798694615e-17 0.008137748154253777 3.141592653589793 2.6268158801295165e-16 3.141592653589793 
0.5649241566581904 7.359283798694615e-17 0.008137748154253777 3.141592653589793 2.6268158801295165e-16 3.141592653589793 
0.564746849909407 7.359283798694615e-17 0.008137748154253777 3.141592653589793 2.6268158801295165e-16 3.141592653589793 
0.5645637069346072 7.359283798694615e-17 0.008137748154253777 3.141592653589793 2.6268158801295165e-16 3.141592653589793 
0.56437473499297 7.359283798694615e-17 0.008137748154253777 3.141592653589793 2.6268158801295165e-16 3.141592653589793 
0.5641799415747146 7.359283798694615e-17 0.008137748154253777 3.141592653589793 2.6268158801295165e-16 3.141592653589793 
0.5639793344008045 7.359283798694615e-17 0.008137748154253777 3.141592653589793 2.6268158801295165e-16 3.141592653589793 
0.5637729214226412 7.359283798694615e-17 0.008137748154253777 3.141592653589793 2.6268158801295165e-16 3.141592653589793 
0.5635607108217489 7.359283798694615e-17 0.008137748154253777 3.141592653589793 2.6268158801295165e-16 3.141592653589793 
0.5633427110094503 7.359283798694615e-17 0.008137748154253777 3.141592653589793 2.6268158801295165e-16 3.141592653589793 
0.5631189306265332 7.359283798694615e-17 0.008137748154253777 3.141592653589793 2.6268158801295165e-16 3.141592653589793 
0.562889378542908 7.359283798694615e-17 0.008137748154253777 3.141592653589793 2.6268158801295165e-16 3.141592653589793 
0.562654063857256 7.359283798694615e-17 0.008137748154253777 3.141592653589793 2.6268158801295165e-16 3.141592653589793 
0.5624129958966692 7.359283798694615e-17 0.008137748154253777 3.141592653589793 2.6268158801295165e-16 3.141592653589793 
0.5621661842162798 7.359283798694615e-17 0.008137748154253777 3.141592653589793 2.6268158801295165e-16 3.141592653589793 
0.5619136385988825 7.359283798694615e-17 0.008137748154253777 3.141592653589793 2.6268158801295165e-16 3.141592653589793 
0.5616553690545459 7.359283798694615e-17 0.008137748154253777 3.141592653589793 2.6268158801295165e-16 3.141592653589793 
0.5613913858202162 7.359283798694615e-17 0.008137748154253777 3.141592653589793 2.6268158801295165e-16 3.141592653589793 
0.5611216993593109 7.359283798694615e-17 0.008137748154253777 3.141592653589793 2.6268158801295165e-16 3.141592653589793 
0.5608463203613048 7.359283798694615e-17 0.008137748154253777 3.141592653589793 2.6268158801295165e-16 3.141592653589793 
0.5605652597413059 7.359283798694615e-17 0.008137748154253777 3.141592653589793 2.6268158801295165e-16 3.141592653589793 
0.5602785286396227 7.359283798694615e-17 0.008137748154253777 3.141592653589793 2.6268158801295165e-16 3.141592653589793 
0.5599861384213228 7.359283798694615e-17 0.008137748154253777 3.141592653589793 2.6268158801295165e-16 3.141592653589793 
0.5596881006757825 7.359283798694615e-17 0.008137748154253777 3.141592653589793 2.6268158801295165e-16 3.141592653589793 
0.5593844272162269 7.359283798694615e-17 0.008137748154253777 3.141592653589793 2.6268158801295165e-16 3.141592653589793 
0.5590751300792625 7.359283798694615e-17 0.008137748154253777 3.141592653589793 2.6268158801295165e-16 3.141592653589793 
0.5587602215243995 7.359283798694615e-17 0.008137748154253777 3.141592653589793 2.6268158801295165e-16 3.141592653589793 
0.5584397140335661 7.359283798694615e-17 0.008137748154253777 3.141592653589793 2.6268158801295165e-16 3.141592653589793 
0.5581136203106135 7.359283798694615e-17 0.008137748154253777 3.141592653589793 2.6268158801295165e-16 3.141592653589793 
0.5577819532808128 7.359283798694615e-17 0.008137748154253777 3.141592653589793 2.6268158801295165e-16 3.141592653589793 
0.5574447260903426 7.359283798694615e-17 0.008137748154253777 3.141592653589793 2.6268158801295165e-16 3.141592653589793 
0.5571019521057672 7.359283798694615e-17 0.008137748154253777 3.141592653589793 2.6268158801295165e-16 3.141592653589793 
0.556753644913508 7.359283798694615e-17 0.008137748154253777 3.141592653589793 2.6268158801295165e-16 3.141592653589793 
0.5563998183193041 7.359283798694615e-17 0.008137748154253777 3.141592653589793 2.6268158801295165e-16 3.141592653589793 
0.5560404863476652 7.359283798694615e-17 0.008137748154253777 3.141592653589793 2.6268158801295165e-16 3.141592653589793 
0.5556756632413162 7.359283798694615e-17 0.008137748154253777 3.141592653589793 2.6268158801295165e-16 3.141592653589793 
0.555305363460632 7.359283798694615e-17 0.008137748154253777 3.141592653589793 2.6268158801295165e-16 3.141592653589793 
0.5549296016830648 7.359283798694615e-17 0.008137748154253777 3.141592653589793 2.6268158801295165e-16 3.141592653589793 
0.5545483928025622 7.359283798694615e-17 0.008137748154253777 3.141592653589793 2.6268158801295165e-16 3.141592653589793 
0.5541617519289769 7.359283798694615e-17 0.008137748154253777 3.141592653589793 2.6268158801295165e-16 3.141592653589793 
0.5537696943874676 7.359283798694615e-17 0.008137748154253777 3.141592653589793 2.6268158801295165e-16 3.141592653589793 
0.5533722357178918 7.359283798694615e-17 0.008137748154253777 3.141592653589793 2.6268158801295165e-16 3.141592653589793 
0.5529693916741898 7.359283798694615e-17 0.008137748154253777 3.141592653589793 2.6268158801295165e-16 3.141592653589793 
0.5525611782237603 7.359283798694615e-17 0.008137748154253777 3.141592653589793 2.6268158801295165e-16 3.141592653589793 
0.552147611546827 7.359283798694615e-17 0.008137748154253777 3.141592653589793 2.6268158801295165e-16 3.141592653589793 
0.5517287080357983 7.359283798694615e-17 0.008137748154253777 3.141592653589793 2.6268158801295165e-16 3.141592653589793 
0.5513044842946166 7.359283798694615e-17 0.008137748154253777 3.141592653589793 2.6268158801295165e-16 3.141592653589793 
0.5508749571381005 7.359283798694615e-17 0.008137748154253777 3.141592653589793 2.6268158801295165e-16 3.141592653589793 
0.5504401435912786 7.359283798694615e-17 0.008137748154253777 3.141592653589793 2.6268158801295165e-16 3.141592653589793 
0.5500000608887141 7.359283798694615e-17 0.008137748154253777 3.141592653589793 2.6268158801295165e-16 3.141592653589793 
0.5495547264738225 7.359283798694615e-17 0.008137748154253777 3.141592653589793 2.6268158801295165e-16 3.141592653589793 
0.5491041579981792 7.359283798694615e-17 0.008137748154253777 3.141592653589793 2.6268158801295165e-16 3.141592653589793 
0.5486483733208207 7.359283798694615e-17 0.008137748154253777 3.141592653589793 2.6268158801295165e-16 3.141592653589793 
0.5481873905075363 7.359283798694615e-17 0.008137748154253777 3.141592653589793 2.6268158801295165e-16 3.141592653589793 
0.547721227830152 7.359283798694615e-17 0.008137748154253777 3.141592653589793 2.6268158801295165e-16 3.141592653589793 
0.5472499037658067 7.359283798694615e-17 0.008137748154253777 3.141592653589793 2.6268158801295165e-16 3.141592653589793 
0.5467734369962192 7.359283798694615e-17 0.008137748154253777 3.141592653589793 2.6268158801295165e-16 3.141592653589793 
0.5462918464069481 7.359283798694615e-17 0.008137748154253777 3.141592653589793 2.6268158801295165e-16 3.141592653589793 
0.5458051510866433 7.359283798694615e-17 0.008137748154253777 3.141592653589793 2.6268158801295165e-16 3.141592653589793 
0.5453133703262893 7.359283798694615e-17 0.008137748154253777 3.141592653589793 2.6268158801295165e-16 3.141592653589793 
0.5448165236184404 7.359283798694615e-17 0.008137748154253777 3.141592653589793 2.6268158801295165e-16 3.141592653589793 
0.5443146306564481 7.359283798694615e-17 0.008137748154253777 3.141592653589793 2.6268158801295165e-16 3.141592653589793 
0.5438077113336811 7.359283798694615e-17 0.008137748154253777 3.141592653589793 2.6268158801295165e-16 3.141592653589793 
0.5432957857427358 7.359283798694615e-17 0.008137748154253777 3.141592653589793 2.6268158801295165e-16 3.141592653589793 
0.5427788741746409 7.359283798694615e-17 0.008137748154253777 3.141592653589793 2.6268158801295165e-16 3.141592653589793 
0.542256997118052 7.359283798694615e-17 0.008137748154253777 3.141592653589793 2.6268158801295165e-16 3.141592653589793 
0.5417301752584409 7.359283798694615e-17 0.008137748154253777 3.141592653589793 2.6268158801295165e-16 3.141592653589793 
0.5411984294772746 7.359283798694615e-17 0.008137748154253777 3.141592653589793 2.6268158801295165e-16 3.141592653589793 
0.5406617808511879 7.359283798694615e-17 0.008137748154253777 3.141592653589793 2.6268158801295165e-16 3.141592653589793 
0.5401202506511482 7.359283798694615e-17 0.008137748154253777 3.141592653589793 2.6268158801295165e-16 3.141592653589793 
0.5395738603416123 7.359283798694615e-17 0.008137748154253777 3.141592653589793 2.6268158801295165e-16 3.141592653589793 
0.5390226315796753 7.359283798694615e-17 0.008137748154253777 3.141592653589793 2.6268158801295165e-16 3.141592653589793 
0.538466586214213 7.359283798694615e-17 0.008137748154253777 3.141592653589793 2.6268158801295165e-16 3.141592653589793 
0.5379057462850149 7.359283798694615e-17 0.008137748154253777 3.141592653589793 2.6268158801295165e-16 3.141592653589793 
0.537340134021911 7.359283798694615e-17 0.008137748154253777 3.141592653589793 2.6268158801295165e-16 3.141592653589793 
0.5367697718438913 7.359283798694615e-17 0.008137748154253777 3.141592653589793 2.6268158801295165e-16 3.141592653589793 
0.5361946823582162 7.359283798694615e-17 0.008137748154253777 3.141592653589793 2.6268158801295165e-16 3.141592653589793 
0.5356148883595208 7.359283798694615e-17 0.008137748154253777 3.141592653589793 2.6268158801295165e-16 3.141592653589793 
0.5350304128289116 7.359283798694615e-17 0.008137748154253777 3.141592653589793 2.6268158801295165e-16 3.141592653589793 
0.5344412789330556 7.359283798694615e-17 0.008137748154253777 3.141592653589793 2.6268158801295165e-16 3.141592653589793 
0.5338475100232617 7.359283798694615e-17 0.008137748154253777 3.141592653589793 2.6268158801295165e-16 3.141592653589793 
0.5332491296345554 7.359283798694615e-17 0.008137748154253777 3.141592653589793 2.6268158801295165e-16 3.141592653589793 
0.532646161484746 7.359283798694615e-17 0.008137748154253777 3.141592653589793 2.6268158801295165e-16 3.141592653589793 
0.5320386294734862 7.359283798694615e-17 0.008137748154253777 3.141592653589793 2.6268158801295165e-16 3.141592653589793 
0.5314265576813252 7.359283798694615e-17 0.008137748154253777 3.141592653589793 2.6268158801295165e-16 3.141592653589793 
0.5308099703687539 7.359283798694615e-17 0.008137748154253777 3.141592653589793 2.6268158801295165e-16 3.141592653589793 
0.5301888919752433 7.359283798694615e-17 0.008137748154253777 3.141592653589793 2.6268158801295165e-16 3.141592653589793 
0.5295633471182762 7.359283798694615e-17 0.008137748154253777 3.141592653589793 2.6268158801295165e-16 3.141592653589793 
0.528933360592371 7.359283798694615e-17 0.008137748154253777 3.141592653589793 2.6268158801295165e-16 3.141592653589793 
0.528298957368099 7.359283798694615e-17 0.008137748154253777 3.141592653589793 2.6268158801295165e-16 3.141592653589793 
0.527660162591095 7.359283798694615e-17 0.008137748154253777 3.141592653589793 2.6268158801295165e-16 3.141592653589793 
0.5270170015810601 7.359283798694615e-17 0.008137748154253777 3.141592653589793 2.6268158801295165e-16 3.141592653589793 
0.5263694998307585 7.359283798694615e-17 0.008137748154253777 3.141592653589793 2.6268158801295165e-16 3.141592653589793 
0.525717683005007 7.359283798694615e-17 0.008137748154253777 3.141592653589793 2.6268158801295165e-16 3.141592653589793 
0.5250615769396572 7.359283798694615e-17 0.008137748154253777 3.141592653589793 2.6268158801295165e-16 3.141592653589793 
0.5244012076405724 7.359283798694615e-17 0.008137748154253777 3.141592653589793 2.6268158801295165e-16 3.141592653589793 
0.5237366012825962 7.359283798694615e-17 0.008137748154253777 3.141592653589793 2.6268158801295165e-16 3.141592653589793 
0.523067784208515 7.359283798694615e-17 0.008137748154253777 3.141592653589793 2.6268158801295165e-16 3.141592653589793 
0.522394782928014 7.359283798694615e-17 0.008137748154253777 3.141592653589793 2.6268158801295165e-16 3.141592653589793 
0.5217176241166264 7.359283798694615e-17 0.008137748154253777 3.141592653589793 2.6268158801295165e-16 3.141592653589793 
0.5210363346146762 7.359283798694615e-17 0.008137748154253777 3.141592653589793 2.6268158801295165e-16 3.141592653589793 
0.5203509414262144 7.359283798694615e-17 0.008137748154253777 3.141592653589793 2.6268158801295165e-16 3.141592653589793 
0.5196614717179482 7.359283798694615e-17 0.008137748154253777 3.141592653589793 2.6268158801295165e-16 3.141592653589793 
0.5189679528181645 7.359283798694615e-17 0.008137748154253777 3.141592653589793 2.6268158801295165e-16 3.141592653589793 
0.5182704122156468 7.359283798694615e-17 0.008137748154253777 3.141592653589793 2.6268158801295165e-16 3.141592653589793 
0.5175688775585857 7.359283798694615e-17 0.008137748154253777 3.141592653589793 2.6268158801295165e-16 3.141592653589793 
0.5168633766534826 7.359283798694615e-17 0.008137748154253777 3.141592653589793 2.6268158801295165e-16 3.141592653589793 
0.5161539374640476 7.359283798694615e-17 0.008137748154253777 3.141592653589793 2.6268158801295165e-16 3.141592653589793 
0.5154405881100917 7.359283798694615e-17 0.008137748154253777 3.141592653589793 2.6268158801295165e-16 3.141592653589793 
0.5147233568664118 7.359283798694615e-17 0.008137748154253777 3.141592653589793 2.6268158801295165e-16 3.141592653589793 
0.5140022721616696 7.359283798694615e-17 0.008137748154253777 3.141592653589793 2.6268158801295165e-16 3.141592653589793 
0.5132773625772656 7.359283798694615e-17 0.008137748154253777 3.141592653589793 2.6268158801295165e-16 3.141592653589793 
0.5125486568462057 7.359283798694615e-17 0.008137748154253777 3.141592653589793 2.6268158801295165e-16 3.141592653589793 
0.5118161838519623 7.359283798694615e-17 0.008137748154253777 3.141592653589793 2.6268158801295165e-16 3.141592653589793 
0.5110799726273297 7.359283798694615e-17 0.008137748154253777 3.141592653589793 2.6268158801295165e-16 3.141592653589793 
0.5103400523532732 7.359283798694615e-17 0.008137748154253777 3.141592653589793 2.6268158801295165e-16 3.141592653589793 
0.5095964523577725 7.359283798694615e-17 0.008137748154253777 3.141592653589793 2.6268158801295165e-16 3.141592653589793 
0.5088492021146593 7.359283798694615e-17 0.008137748154253777 3.141592653589793 2.6268158801295165e-16 3.141592653589793 
0.5080983312424489 7.359283798694615e-17 0.008137748154253777 3.141592653589793 2.6268158801295165e-16 3.141592653589793 
0.5073438695031661 7.359283798694615e-17 0.008137748154253777 3.141592653589793 2.6268158801295165e-16 3.141592653589793 
0.5065858468011661 7.359283798694615e-17 0.008137748154253777 3.141592653589793 2.6268158801295165e-16 3.141592653589793 
0.5058242931819487 7.359283798694615e-17 0.008137748154253777 3.141592653589793 2.6268158801295165e-16 3.141592653589793 
0.5050592388309674 7.359283798694615e-17 0.008137748154253777 3.141592653589793 2.6268158801295165e-16 3.141592653589793 
0.5042907140724331 7.359283798694615e-17 0.008137748154253777 3.141592653589793 2.6268158801295165e-16 3.141592653589793 
0.5035187493681121 7.359283798694615e-17 0.008137748154253777 3.141592653589793 2.6268158801295165e-16 3.141592653589793 
0.5027433753161189 7.359283798694615e-17 0.008137748154253777 3.141592653589793 2.6268158801295165e-16 3.141592653589793 
0.5019646226497031 7.359283798694615e-17 0.008137748154253777 3.141592653589793 2.6268158801295165e-16 3.141592653589793 
0.5011825222360313 7.359283798694615e-17 0.008137748154253777 3.141592653589793 2.6268158801295165e-16 3.141592653589793 
0.5003971050749636 7.359283798694615e-17 0.008137748154253777 3.141592653589793 2.6268158801295165e-16 3.141592653589793 
0.49960840229782516 7.359283798694615e-17 0.008137748154253777 3.141592653589793 2.6268158801295165e-16 3.141592653589793 
0.49881644516617185 7.359283798694615e-17 0.008137748154253777 3.141592653589793 2.6268158801295165e-16 3.141592653589793 
0.49802126507055133 7.359283798694615e-17 0.008137748154253777 3.141592653589793 2.6268158801295165e-16 3.141592653589793 
0.4972228935292591 7.359283798694615e-17 0.008137748154253777 3.141592653589793 2.6268158801295165e-16 3.141592653589793 
0.49642136218708854 7.359283798694615e-17 0.008137748154253777 3.141592653589793 2.6268158801295165e-16 3.141592653589793 
0.4956167028140773 7.359283798694615e-17 0.008137748154253777 3.141592653589793 2.6268158801295165e-16 3.141592653589793 
0.49480894730424796 7.359283798694615e-17 0.008137748154253777 3.141592653589793 2.6268158801295165e-16 3.141592653589793 
0.49399812767434303 7.359283798694615e-17 0.008137748154253777 3.141592653589793 2.6268158801295165e-16 3.141592653589793 
0.49318427606255727 7.359283798694615e-17 0.008137748154253777 3.141592653589793 2.6268158801295165e-16 3.141592653589793 
0.4923674247272627 7.359283798694615e-17 0.008137748154253777 3.141592653589793 2.6268158801295165e-16 3.141592653589793 
0.4915476060457305 7.359283798694615e-17 0.008137748154253777 3.141592653589793 2.6268158801295165e-16 3.141592653589793 
0.4907248525128476 7.359283798694615e-17 0.008137748154253777 3.141592653589793 2.6268158801295165e-16 3.141592653589793 
0.48989919673982874 7.359283798694615e-17 0.008137748154253777 3.141592653589793 2.6268158801295165e-16 3.141592653589793 
0.4890706714529237 7.359283798694615e-17 0.008137748154253777 3.141592653589793 2.6268158801295165e-16 3.141592653589793 
0.4882393094921203 7.359283798694615e-17 0.008137748154253777 3.141592653589793 2.6268158801295165e-16 3.141592653589793 
0.4874051438098428 7.359283798694615e-17 0.008137748154253777 3.141592653589793 2.6268158801295165e-16 3.141592653589793 
0.48656820746964535 7.359283798694615e-17 0.008137748154253777 3.141592653589793 2.6268158801295165e-16 3.141592653589793 
0.4857285336449021 7.359283798694615e-17 0.008137748154253777 3.141592653589793 2.6268158801295165e-16 3.141592653589793 
0.4848861556174918 7.359283798694615e-17 0.008137748154253777 3.141592653589793 2.6268158801295165e-16 3.141592653589793 
0.4840411067764789 7.359283798694615e-17 0.008137748154253777 3.141592653589793 2.6268158801295165e-16 3.141592653589793 
0.48319342061678994 7.359283798694615e-17 0.008137748154253777 3.141592653589793 2.6268158801295165e-16 3.141592653589793 
0.482343130737886 7.359283798694615e-17 0.008137748154253777 3.141592653589793 2.6268158801295165e-16 3.141592653589793 
0.481490270842431 7.359283798694615e-17 0.008137748154253777 3.141592653589793 2.6268158801295165e-16 3.141592653589793 
0.4806348747349558 7.359283798694615e-17 0.008137748154253777 3.141592653589793 2.6268158801295165e-16 3.141592653589793 
0.47977697632051813 7.359283798694615e-17 0.008137748154253777 3.141592653589793 2.6268158801295165e-16 3.141592653589793 
0.47891660960335897 7.359283798694615e-17 0.008137748154253777 3.141592653589793 2.6268158801295165e-16 3.141592653589793 
0.47805380868555464 7.359283798694615e-17 0.008137748154253777 3.141592653589793 2.6268158801295165e-16 3.141592653589793 
0.4771886077656649 7.359283798694615e-17 0.008137748154253777 3.141592653589793 2.6268158801295165e-16 3.141592653589793 
0.47632104113737783 7.359283798694615e-17 0.008137748154253777 3.141592653589793 2.6268158801295165e-16 3.141592653589793 
0.4754511431881502 7.359283798694615e-17 0.008137748154253777 3.141592653589793 2.6268158801295165e-16 3.141592653589793 
0.47457894839784465 7.359283798694615e-17 0.008137748154253777 3.141592653589793 2.6268158801295165e-16 3.141592653589793 
0.4737044913373628 7.359283798694615e-17 0.008137748154253777 3.141592653589793 2.6268158801295165e-16 3.141592653589793 
0.47282780666727536 7.359283798694615e-17 0.008137748154253777 3.141592653589793 2.6268158801295165e-16 3.141592653589793 
0.4719489291364481 7.359283798694615e-17 0.008137748154253777 3.141592653589793 2.6268158801295165e-16 3.141592653589793 
0.47106789358066414 7.359283798694615e-17 0.008137748154253777 3.141592653589793 2.6268158801295165e-16 3.141592653589793 
0.470184734921244 7.359283798694615e-17 0.008137748154253777 3.141592653589793 2.6268158801295165e-16 3.141592653589793 
0.46929948816366074 7.359283798694615e-17 0.008137748154253777 3.141592653589793 2.6268158801295165e-16 3.141592653589793 
0.4684121883961526 7.359283798694615e-17 0.008137748154253777 3.141592653589793 2.6268158801295165e-16 3.141592653589793 
0.4675228707883325 7.359283798694615e-17 0.008137748154253777 3.141592653589793 2.6268158801295165e-16 3.141592653589793 
0.46663157058979365 7.359283798694615e-17 0.008137748154253777 3.141592653589793 2.6268158801295165e-16 3.141592653589793 
0.4657383231287128 7.359283798694615e-17 0.008137748154253777 3.141592653589793 2.6268158801295165e-16 3.141592653589793 
0.46484316381044943 7.359283798694615e-17 0.008137748154253777 3.141592653589793 2.6268158801295165e-16 3.141592653589793 
0.46394612811614294 7.359283798694615e-17 0.008137748154253777 3.141592653589793 2.6268158801295165e-16 3.141592653589793 
0.4630472516013059 7.359283798694615e-17 0.008137748154253777 3.141592653589793 2.6268158801295165e-16 3.141592653589793 
0.462146569894415 7.359283798694615e-17 0.008137748154253777 3.141592653589793 2.6268158801295165e-16 3.141592653589793 
0.4612441186954985 7.359283798694615e-17 0.008137748154253777 3.141592653589793 2.6268158801295165e-16 3.141592653589793 
0.46033993377472165 7.359283798694615e-17 0.008137748154253777 3.141592653589793 2.6268158801295165e-16 3.141592653589793 
0.45943405097096873 7.359283798694615e-17 0.008137748154253777 3.141592653589793 2.6268158801295165e-16 3.141592653589793 
0.45852650619042223 7.359283798694615e-17 0.008137748154253777 3.141592653589793 2.6268158801295165e-16 3.141592653589793 
0.45761733540514 7.359283798694615e-17 0.008137748154253777 3.141592653589793 2.6268158801295165e-16 3.141592653589793 
0.4567065746516294 7.359283798694615e-17 0.008137748154253777 3.141592653589793 2.6268158801295165e-16 3.141592653589793 
0.4557942600294186 7.359283798694615e-17 0.008137748154253777 3.141592653589793 2.6268158801295165e-16 3.141592653589793 
0.45488042769962617 7.359283798694615e-17 0.008137748154253777 3.141592653589793 2.6268158801295165e-16 3.141592653589793 
0.45396511388352756 7.359283798694615e-17 0.008137748154253777 3.141592653589793 2.6268158801295165e-16 3.141592653589793 
0.4530483548611193 7.359283798694615e-17 0.008137748154253777 3.141592653589793 2.6268158801295165e-16 3.141592653589793 
0.4521301869696811 7.359283798694615e-17 0.008137748154253777 3.141592653589793 2.6268158801295165e-16 3.141592653589793 
0.4512106466023357 7.359283798694615e-17 0.008137748154253777 3.141592653589793 2.6268158801295165e-16 3.141592653589793 
0.450289770206606 7.359283798694615e-17 0.008137748154253777 3.141592653589793 2.6268158801295165e-16 3.141592653589793 
0.4493675942829708 7.359283798694615e-17 0.008137748154253777 3.141592653589793 2.6268158801295165e-16 3.141592653589793 
0.4484441553834179 7.359283798694615e-17 0.008137748154253777 3.141592653589793 2.6268158801295165e-16 3.141592653589793 
0.44751949010999503 7.359283798694615e-17 0.008137748154253777 3.141592653589793 2.6268158801295165e-16 3.141592653589793 
0.4465936351133595 7.359283798694615e-17 0.008137748154253777 3.141592653589793 2.6268158801295165e-16 3.141592653589793 
0.4456666270913253 7.359283798694615e-17 0.008137748154253777 3.141592653589793 2.6268158801295165e-16 3.141592653589793 
0.4447385027874084 7.359283798694615e-17 0.008137748154253777 3.141592653589793 2.6268158801295165e-16 3.141592653589793 
0.4438092989893705 7.359283798694615e-17 0.008137748154253777 3.141592653589793 2.6268158801295165e-16 3.141592653589793 
0.44287905252776094 7.359283798694615e-17 0.008137748154253777 3.141592653589793 2.6268158801295165e-16 3.141592653589793 
0.4419478002744567 7.359283798694615e-17 0.008137748154253777 3.141592653589793 2.6268158801295165e-16 3.141592653589793 
0.441015579141201 7.359283798694615e-17 0.008137748154253777 3.141592653589793 2.6268158801295165e-16 3.141592653589793 
0.44008242607814035 7.359283798694615e-17 0.008137748154253777 3.141592653589793 2.6268158801295165e-16 3.141592653589793 
0.4391483780723596 7.359283798694615e-17 0.008137748154253777 3.141592653589793 2.6268158801295165e-16 3.141592653589793 
0.43821347214641654 7.359283798694615e-17 0.008137748154253777 3.141592653589793 2.6268158801295165e-16 3.141592653589793 
0.43727774535687375 7.359283798694615e-17 0.008137748154253777 3.141592653589793 2.6268158801295165e-16 3.141592653589793 
0.4363412347928301 7.359283798694615e-17 0.008137748154253777 3.141592653589793 2.6268158801295165e-16 3.141592653589793 
0.43540397757445093 7.359283798694615e-17 0.008137748154253777 3.141592653589793 2.6268158801295165e-16 3.141592653589793 
0.4344660108514964 7.359283798694615e-17 0.008137748154253777 3.141592653589793 2.6268158801295165e-16 3.141592653589793 
0.43352737180184875 7.359283798694615e-17 0.008137748154253777 3.141592653589793 2.6268158801295165e-16 3.141592653589793 
0.4325880976300395 7.359283798694615e-17 0.008137748154253777 3.141592653589793 2.6268158801295165e-16 3.141592653589793 
0.431648225565774 7.359283798694615e-17 0.008137748154253777 3.141592653589793 2.6268158801295165e-16 3.141592653589793 
0.4307077928624561 7.359283798694615e-17 0.008137748154253777 3.141592653589793 2.6268158801295165e-16 3.141592653589793 
0.42976683679571165 7.359283798694615e-17 0.008137748154253777 3.141592653589793 2.6268158801295165e-16 3.141592653589793 
0.4288253946619107 7.359283798694615e-17 0.008137748154253777 3.141592653589793 2.6268158801295165e-16 3.141592653589793 
0.4278835037766895 7.359283798694615e-17 0.008137748154253777 3.141592653589793 2.6268158801295165e-16 3.141592653589793 
0.4269412014734713 7.359283798694615e-17 0.008137748154253777 3.141592653589793 2.6268158801295165e-16 3.141592653589793 
0.4259985251019866 7.359283798694615e-17 0.008137748154253777 3.141592653589793 2.6268158801295165e-16 3.141592653589793 
0.4250555120267927 7.359283798694615e-17 0.008137748154253777 3.141592653589793 2.6268158801295165e-16 3.141592653589793 
0.42411219962579266 7.359283798694615e-17 0.008137748154253777 3.141592653589793 2.6268158801295165e-16 3.141592653589793 
0.42316862528875404 7.359283798694615e-17 0.008137748154253777 3.141592653589793 2.6268158801295165e-16 3.141592653589793 
0.4222248264158263 7.359283798694615e-17 0.008137748154253777 3.141592653589793 2.6268158801295165e-16 3.141592653589793 
0.4212808404160591 7.359283798694615e-17 0.008137748154253777 3.141592653589793 2.6268158801295165e-16 3.141592653589793 
0.42033670470591916 7.359283798694615e-17 0.008137748154253777 3.141592653589793 2.6268158801295165e-16 3.141592653589793 
0.41939245670780684 7.359283798694615e-17 0.008137748154253777 3.141592653589793 2.6268158801295165e-16 3.141592653589793 
0.4184481338485737 7.359283798694615e-17 0.008137748154253777 3.141592653589793 2.6268158801295165e-16 3.141592653589793 
0.4175037735580383 7.359283798694615e-17 0.008137748154253777 3.141592653589793 2.6268158801295165e-16 3.141592653589793 
