0.0 0.0 0.0 0.0 0.0 0.0 
0.0 0.0 -0.0007895579618395487 0.0 0.0 0.0 
0.0 0.0 -0.003158107166999713 0.0 0.0 0.0 
0.0 0.0 -0.007105273594108397 0.0 0.0 0.0 
0.0 0.0 -0.012630433939825991 0.0 0.0 0.0 
0.0 0.0 -0.019732715717283966 0.0 0.0 0.0 
0.0 0.0 -0.028410997393860882 0.0 0.0 0.0 
0.0 0.0 -0.03866390856827451 0.0 0.0 0.0 
0.0 0.0 -0.05048983018699893 0.0 0.0 0.0 
0.0 0.0 -0.06388689479991605 0.0 0.0 0.0 
0.0 0.0 -0.0788529868552228 0.0 0.0 0.0 
0.0 0.0 -0.09538574303348746 0.0 0.0 0.0 
0.0 0.0 -0.11348255262086049 0.0 0.0 0.0 
0.0 0.0 -0.13314055792131896 0.0 0.0 0.0 
0.0 0.0 -0.15435665470794646 0.0 0.0 0.0 
0.0 0.0 -0.17712749271311345 0.0 0.0 0.0 
0.0 0.0 -0.2014494761575314 0.0 0.0 0.0 
0.0 0.0 -0.2273187643180652 0.0 0.0 0.0 
0.0 0.0 -0.2547312721342294 0.0 0.0 0.0 
0.0 0.0 -0.2836826708532598 0.0 0.0 0.0 
0.0 0.0 -0.31416838871368924 0.0 0.0 0.0 
0.0 0.0 -0.34618361166726075 0.0 0.0 0.0 
0.0 0.0 -0.3797232841391427 0.0 0.0 0.0 
0.0 0.0 -0.4147821098262412 0.0 0.0 0.0 
0.0 0.0 -0.45135455253357115 0.0 0.0 0.0 
0.0 0.0 -0.48943483704846535 0.0 0.0 0.0 
0.0 0.0 -0.5290169500525579 0.0 0.0 0.0 
0.0 0.0 -0.5700946410713552 0.0 0.0 0.0 
0.0 0.0 -0.61266142346126 0.0 0.0 0.0 
0.0 0.0 -0.6567105754338805 0.0 0.0 0.0 
0.0 0.0 -0.7022351411174874 0.0 0.0 0.0 
0.0 0.0 -0.7492279316554189 0.0 0.0 0.0 
0.0 0.0 -0.7976815263412966 0.0 0.0 0.0 
0.0 0.0 -0.8475882737908247 0.0 0.0 0.0 
0.0 0.0 -0.8989402931500443 0.0 0.0 0.0 
0.0 0.0 -0.9517294753398069 0.0 0.0 0.0 
0.0 0.0 -1.0059474843362892 0.0 0.0 0.0 
0.0 0.0 -1.0615857584873627 0.0 0.0 0.0 
0.0 0.0 -1.1186355118645555 0.0 0.0 0.0 
0.0 0.0 -1.1770877356504688 0.0 0.0 0.0 
0.0 0.0 -1.2369331995613635 0.0 0.0 0.0 
0.0 0.0 -1.2981624533047427 0.0 0.0 0.0 
0.0 0.0 -1.3607658280716475 0.0 0.0 0.0 
0.0 0.0 -1.4247334380634786 0.0 0.0 0.0 
0.0 0.0 -1.4900551820530836 0.0 0.0 0.0 
0.0 0.0 -1.5567207449798488 0.0 0.0 0.0 
0.0 0.0 -1.624719599578583 0.0 0.0 0.0 
0.0 0.0 -1.694041008041875 0.0 0.0 0.0 
0.0 0.0 -1.7646740237157257 0.0 0.0 0.0 
0.0 0.0 -1.8366074928281613 0.0 0.0 0.0 
0.0 0.0 -1.9098300562505273 0.0 0.0 0.0 
0.0 0.0 -1.9843301512912355 0.0 0.0 0.0 
0.0 0.0 -2.0600960135216484 0.0 0.0 0.0 
0.0 0.0 -2.137115678633811 0.0 0.0 0.0 
0.0 0.0 -2.215376984329767 0.0 0.0 0.0 
0.0 0.0 -2.294867572242109 0.0 0.0 0.0 
0.0 0.0 -2.375574889885524 0.0 0.0 0.0 
0.0 0.0 -2.457486192638961 0.0 0.0 0.0 
0.0 0.0 -2.5405885457581787 0.0 0.0 0.0 
0.0 0.0 -2.624868826418262 0.0 0.0 0.0 
0.0 0.0 -2.7103137257858867 0.0 0.0 0.0 
0.0 0.0 -2.79690975112093 0.0 0.0 0.0 
0.0 0.0 -2.884643227907146 0.0 0.0 0.0 
0.0 0.0 -2.9735003020115087 0.0 0.0 0.0 
0.0 0.0 -3.063466941871952 0.0 0.0 0.0 
0.0 0.0 -3.1545289407131127 0.0 0.0 0.0 
0.0 0.0 -3.2466719187897555 0.0 0.0 0.0 
0.0 0.0 -3.339881325657484 0.0 0.0 0.0 
0.0 0.0 -3.4341424424704368 0.0 0.0 0.0 
0.0 0.0 -3.52944038430556 0.0 0.0 0.0 
0.0 0.0 -3.625760102513106 0.0 0.0 0.0 
0.0 0.0 -3.723086387092996 0.0 0.0 0.0 
0.0 0.0 -3.821403869096658 0.0 0.0 0.0 
0.0 0.0 -3.920697023053945 0.0 0.0 0.0 
0.0 0.0 -4.020950169424811 0.0 0.0 0.0 
0.0 0.0 -4.12214747707527 0.0 0.0 0.0 
0.0 0.0 -4.224272965777326 0.0 0.0 0.0 
0.0 0.0 -4.327310508732437 0.0 0.0 0.0 
0.0 0.0 -4.431243835118119 0.0 0.0 0.0 
0.0 0.0 -4.53605653265731 0.0 0.0 0.0 
0.0 0.0 -4.641732050210035 0.0 0.0 0.0 
0.0 0.0 -4.748253700387042 0.0 0.0 0.0 
0.0 0.0 -4.855604662184935 0.0 0.0 0.0 
0.0 0.0 -4.963767983642392 0.0 0.0 0.0 
0.0 0.0 -5.072726584517086 0.0 0.0 0.0 
0.0 0.0 -5.18246325898285 0.0 0.0 0.0 
0.0 0.0 -5.292960678346677 0.0 0.0 0.0 
0.0 0.0 -5.404201393785122 0.0 0.0 0.0 
0.0 0.0 -5.516167839099679 0.0 0.0 0.0 
0.0 0.0 -5.6288423334906685 0.0 0.0 0.0 
0.0 0.0 -5.742207084349273 0.0 0.0 0.0 
0.0 0.0 -5.856244190067159 0.0 0.0 0.0 
0.0 0.0 -5.970935642863374 0.0 0.0 0.0 
0.0 0.0 -6.086263331627978 0.0 0.0 0.0 
0.0 0.0 -6.2022090447819895 0.0 0.0 0.0 
0.0 0.0 -6.318754473153223 0.0 0.0 0.0 
0.0 0.0 -6.435881212867494 0.0 0.0 0.0 
0.0 0.0 -6.553570768254829 0.0 0.0 0.0 
0.0 0.0 -6.671804554770135 0.0 0.0 0.0 
0.0 0.0 -6.7905639019279045 0.0 0.0 0.0 
0.0 0.0 -6.909830056250526 0.0 0.0 0.0 
0.0 0.0 -7.029584184229653 0.0 0.0 0.0 
0.0 0.0 -7.14980737530024 0.0 0.0 0.0 
0.0 0.0 -7.270480644826749 0.0 0.0 0.0 
0.0 0.0 -7.391584937101031 0.0 0.0 0.0 
0.0 0.0 -7.513101128351454 0.0 0.0 0.0 
0.0 0.0 -7.6350100297627534 0.0 0.0 0.0 
0.0 0.0 -7.75729239050619 0.0 0.0 0.0 
0.0 0.0 -7.879928900779456 0.0 0.0 0.0 
0.0 0.0 -8.00290019485593 0.0 0.0 0.0 
0.0 0.0 -8.126186854142755 0.0 0.0 0.0 
0.0 0.0 -8.249769410247241 0.0 0.0 0.0 
0.0 0.0 -8.373628348051167 0.0 0.0 0.0 
0.0 0.0 -8.49774410879243 0.0 0.0 0.0 
0.0 0.0 -8.622097093153622 0.0 0.0 0.0 
0.0 0.0 -8.746667664356961 0.0 0.0 0.0 
0.0 0.0 -8.871436151265183 0.0 0.0 0.0 
0.0 0.0 -8.99638285148785 0.0 0.0 0.0 
0.0 0.0 -9.121488034492568 0.0 0.0 0.0 
0.0 0.0 -9.246731944720674 0.0 0.0 0.0 
0.0 0.0 -9.372094804706865 0.0 0.0 0.0 
0.0 0.0 -9.497556818202305 0.0 0.0 0.0 
0.0 0.0 -9.623098173300654 0.0 0.0 0.0 
0.0 0.0 -9.748699045566626 0.0 0.0 0.0 
0.0 0.0 -9.874339601166474 0.0 0.0 0.0 
0.0 0.0 -10.0 0.0 0.0 0.0 
0.0 0.0 -10.125660398833528 0.0 0.0 0.0 
0.0 0.0 -10.251300954433376 0.0 0.0 0.0 
0.0 0.0 -10.376901826699347 0.0 0.0 0.0 
0.0 0.0 -10.502443181797696 0.0 0.0 0.0 
0.0 0.0 -10.627905195293135 0.0 0.0 0.0 
0.0 0.0 -10.753268055279328 0.0 0.0 0.0 
0.0 0.0 -10.878511965507434 0.0 0.0 0.0 
0.0 0.0 -11.003617148512152 0.0 0.0 0.0 
0.0 0.0 -11.128563848734817 0.0 0.0 0.0 
0.0 0.0 -11.253332335643044 0.0 0.0 0.0 
0.0 0.0 -11.377902906846382 0.0 0.0 0.0 
0.0 0.0 -11.502255891207573 0.0 0.0 0.0 
0.0 0.0 -11.626371651948837 0.0 0.0 0.0 
0.0 0.0 -11.750230589752762 0.0 0.0 0.0 
0.0 0.0 -11.87381314585725 0.0 0.0 0.0 
0.0 0.0 -11.997099805144071 0.0 0.0 0.0 
0.0 0.0 -12.120071099220546 0.0 0.0 0.0 
0.0 0.0 -12.242707609493811 0.0 0.0 0.0 
0.0 0.0 -12.364989970237247 0.0 0.0 0.0 
0.0 0.0 -12.486898871648547 0.0 0.0 0.0 
0.0 0.0 -12.60841506289897 0.0 0.0 0.0 
0.0 0.0 -12.729519355173252 0.0 0.0 0.0 
0.0 0.0 -12.850192624699762 0.0 0.0 0.0 
0.0 0.0 -12.970415815770348 0.0 0.0 0.0 
0.0 0.0 -13.090169943749475 0.0 0.0 0.0 
0.0 0.0 -13.209436098072096 0.0 0.0 0.0 
0.0 0.0 -13.328195445229866 0.0 0.0 0.0 
0.0 0.0 -13.44642923174517 0.0 0.0 0.0 
0.0 0.0 -13.564118787132507 0.0 0.0 0.0 
0.0 0.0 -13.68124552684678 0.0 0.0 0.0 
0.0 0.0 -13.797790955218012 0.0 0.0 0.0 
0.0 0.0 -13.913736668372024 0.0 0.0 0.0 
0.0 0.0 -14.02906435713663 0.0 0.0 0.0 
0.0 0.0 -14.143755809932841 0.0 0.0 0.0 
0.0 0.0 -14.257792915650729 0.0 0.0 0.0 
0.0 0.0 -14.371157666509333 0.0 0.0 0.0 
0.0 0.0 -14.483832160900322 0.0 0.0 0.0 
0.0 0.0 -14.59579860621488 0.0 0.0 0.0 
0.0 0.0 -14.707039321653326 0.0 0.0 0.0 
0.0 0.0 -14.817536741017156 0.0 0.0 0.0 
0.0 0.0 -14.927273415482919 0.0 0.0 0.0 
0.0 0.0 -15.036232016357609 0.0 0.0 0.0 
0.0 0.0 -15.144395337815066 0.0 0.0 0.0 
0.0 0.0 -15.251746299612956 0.0 0.0 0.0 
0.0 0.0 -15.358267949789965 0.0 0.0 0.0 
0.0 0.0 -15.463943467342691 0.0 0.0 0.0 
0.0 0.0 -15.568756164881883 0.0 0.0 0.0 
0.0 0.0 -15.672689491267562 0.0 0.0 0.0 
0.0 0.0 -15.775727034222676 0.0 0.0 0.0 
0.0 0.0 -15.877852522924732 0.0 0.0 0.0 
0.0 0.0 -15.97904983057519 0.0 0.0 0.0 
0.0 0.0 -16.079302976946057 0.0 0.0 0.0 
0.0 0.0 -16.178596130903344 0.0 0.0 0.0 
0.0 0.0 -16.276913612907006 0.0 0.0 0.0 
0.0 0.0 -16.3742398974869 0.0 0.0 0.0 
0.0 0.0 -16.470559615694444 0.0 0.0 0.0 
0.0 0.0 -16.56585755752956 0.0 0.0 0.0 
0.0 0.0 -16.660118674342517 0.0 0.0 0.0 
0.0 0.0 -16.753328081210245 0.0 0.0 0.0 
0.0 0.0 -16.845471059286886 0.0 0.0 0.0 
0.0 0.0 -16.936533058128052 0.0 0.0 0.0 
0.0 0.0 -17.02649969798849 0.0 0.0 0.0 
0.0 0.0 -17.115356772092856 0.0 0.0 0.0 
0.0 0.0 -17.20309024887907 0.0 0.0 0.0 
0.0 0.0 -17.28968627421412 0.0 0.0 0.0 
0.0 0.0 -17.375131173581742 0.0 0.0 0.0 
0.0 0.0 -17.459411454241824 0.0 0.0 0.0 
0.0 0.0 -17.54251380736104 0.0 0.0 0.0 
0.0 0.0 -17.62442511011448 0.0 0.0 0.0 
0.0 0.0 -17.705132427757892 0.0 0.0 0.0 
0.0 0.0 -17.784623015670235 0.0 0.0 0.0 
0.0 0.0 -17.862884321366188 0.0 0.0 0.0 
0.0 0.0 -17.939903986478352 0.0 0.0 0.0 
0.0 0.0 -18.015669848708765 0.0 0.0 0.0 
0.0 0.0 -18.090169943749473 0.0 0.0 0.0 
0.0 0.0 -18.163392507171842 0.0 0.0 0.0 
0.0 0.0 -18.235325976284276 0.0 0.0 0.0 
0.0 0.0 -18.30595899195813 0.0 0.0 0.0 
0.0 0.0 -18.375280400421417 0.0 0.0 0.0 
0.0 0.0 -18.443279255020148 0.0 0.0 0.0 
0.0 0.0 -18.50994481794692 0.0 0.0 0.0 
0.0 0.0 -18.575266561936523 0.0 0.0 0.0 
0.0 0.0 -18.63923417192835 0.0 0.0 0.0 
0.0 0.0 -18.701837546695256 0.0 0.0 0.0 
0.0 0.0 -18.763066800438637 0.0 0.0 0.0 
0.0 0.0 -18.822912264349533 0.0 0.0 0.0 
0.0 0.0 -18.881364488135446 0.0 0.0 0.0 
0.0 0.0 -18.93841424151264 0.0 0.0 0.0 
0.0 0.0 -18.99405251566371 0.0 0.0 0.0 
0.0 0.0 -19.048270524660197 0.0 0.0 0.0 
0.0 0.0 -19.10105970684996 0.0 0.0 0.0 
0.0 0.0 -19.152411726209174 0.0 0.0 0.0 
0.0 0.0 -19.202318473658703 0.0 0.0 0.0 
0.0 0.0 -19.25077206834458 0.0 0.0 0.0 
0.0 0.0 -19.297764858882516 0.0 0.0 0.0 
0.0 0.0 -19.34328942456612 0.0 0.0 0.0 
0.0 0.0 -19.387338576538742 0.0 0.0 0.0 
0.0 0.0 -19.429905358928643 0.0 0.0 0.0 
0.0 0.0 -19.470983049947442 0.0 0.0 0.0 
0.0 0.0 -19.510565162951536 0.0 0.0 0.0 
0.0 0.0 -19.548645447466427 0.0 0.0 0.0 
0.0 0.0 -19.58521789017376 0.0 0.0 0.0 
0.0 0.0 -19.62027671586086 0.0 0.0 0.0 
0.0 0.0 -19.65381638833274 0.0 0.0 0.0 
0.0 0.0 -19.68583161128631 0.0 0.0 0.0 
0.0 0.0 -19.71631732914674 0.0 0.0 0.0 
0.0 0.0 -19.74526872786577 0.0 0.0 0.0 
0.0 0.0 -19.772681235681937 0.0 0.0 0.0 
0.0 0.0 -19.798550523842465 0.0 0.0 0.0 
0.0 0.0 -19.82287250728689 0.0 0.0 0.0 
0.0 0.0 -19.845643345292054 0.0 0.0 0.0 
0.0 0.0 -19.86685944207868 0.0 0.0 0.0 
0.0 0.0 -19.88651744737914 0.0 0.0 0.0 
0.0 0.0 -19.90461425696651 0.0 0.0 0.0 
0.0 0.0 -19.921147013144775 0.0 0.0 0.0 
0.0 0.0 -19.936113105200086 0.0 0.0 0.0 
0.0 0.0 -19.949510169813003 0.0 0.0 0.0 
0.0 0.0 -19.961336091431725 0.0 0.0 0.0 
0.0 0.0 -19.971589002606137 0.0 0.0 0.0 
0.0 0.0 -19.980267284282718 0.0 0.0 0.0 
0.0 0.0 -19.987369566060174 0.0 0.0 0.0 
0.0 0.0 -19.992894726405893 0.0 0.0 0.0 
0.0 0.0 -19.996841892833 0.0 0.0 0.0 
0.0 0.0 -19.999210442038162 0.0 0.0 0.0 
0.0 0.0 -20.0 0.0 0.0 0.0 
0.0 0.0 -19.999210442038162 0.0 0.0 0.0 
0.0 0.0 -19.996841892833 0.0 0.0 0.0 
0.0 0.0 -19.992894726405893 0.0 0.0 0.0 
0.0 0.0 -19.987369566060174 0.0 0.0 0.0 
0.0 0.0 -19.980267284282718 0.0 0.0 0.0 
0.0 0.0 -19.971589002606137 0.0 0.0 0.0 
0.0 0.0 -19.961336091431725 0.0 0.0 0.0 
0.0 0.0 -19.949510169813003 0.0 0.0 0.0 
0.0 0.0 -19.936113105200086 0.0 0.0 0.0 
0.0 0.0 -19.921147013144775 0.0 0.0 0.0 
0.0 0.0 -19.90461425696651 0.0 0.0 0.0 
0.0 0.0 -19.88651744737914 0.0 0.0 0.0 
0.0 0.0 -19.86685944207868 0.0 0.0 0.0 
0.0 0.0 -19.845643345292054 0.0 0.0 0.0 
0.0 0.0 -19.82287250728689 0.0 0.0 0.0 
0.0 0.0 -19.798550523842465 0.0 0.0 0.0 
0.0 0.0 -19.772681235681937 0.0 0.0 0.0 
0.0 0.0 -19.74526872786577 0.0 0.0 0.0 
0.0 0.0 -19.71631732914674 0.0 0.0 0.0 
0.0 0.0 -19.68583161128631 0.0 0.0 0.0 
0.0 0.0 -19.65381638833274 0.0 0.0 0.0 
0.0 0.0 -19.620276715860857 0.0 0.0 0.0 
0.0 0.0 -19.58521789017376 0.0 0.0 0.0 
0.0 0.0 -19.548645447466427 0.0 0.0 0.0 
0.0 0.0 -19.510565162951536 0.0 0.0 0.0 
0.0 0.0 -19.470983049947442 0.0 0.0 0.0 
0.0 0.0 -19.429905358928643 0.0 0.0 0.0 
0.0 0.0 -19.38733857653874 0.0 0.0 0.0 
0.0 0.0 -19.34328942456612 0.0 0.0 0.0 
0.0 0.0 -19.297764858882513 0.0 0.0 0.0 
0.0 0.0 -19.25077206834458 0.0 0.0 0.0 
0.0 0.0 -19.202318473658703 0.0 0.0 0.0 
0.0 0.0 -19.152411726209174 0.0 0.0 0.0 
0.0 0.0 -19.10105970684996 0.0 0.0 0.0 
0.0 0.0 -19.048270524660197 0.0 0.0 0.0 
0.0 0.0 -18.99405251566371 0.0 0.0 0.0 
0.0 0.0 -18.93841424151264 0.0 0.0 0.0 
0.0 0.0 -18.881364488135446 0.0 0.0 0.0 
0.0 0.0 -18.822912264349533 0.0 0.0 0.0 
0.0 0.0 -18.763066800438637 0.0 0.0 0.0 
0.0 0.0 -18.701837546695256 0.0 0.0 0.0 
0.0 0.0 -18.63923417192835 0.0 0.0 0.0 
0.0 0.0 -18.575266561936523 0.0 0.0 0.0 
0.0 0.0 -18.50994481794692 0.0 0.0 0.0 
0.0 0.0 -18.443279255020148 0.0 0.0 0.0 
0.0 0.0 -18.375280400421417 0.0 0.0 0.0 
0.0 0.0 -18.305958991958125 0.0 0.0 0.0 
0.0 0.0 -18.235325976284276 0.0 0.0 0.0 
0.0 0.0 -18.163392507171835 0.0 0.0 0.0 
0.0 0.0 -18.090169943749473 0.0 0.0 0.0 
0.0 0.0 -18.015669848708765 0.0 0.0 0.0 
0.0 0.0 -17.939903986478352 0.0 0.0 0.0 
0.0 0.0 -17.862884321366188 0.0 0.0 0.0 
0.0 0.0 -17.784623015670235 0.0 0.0 0.0 
0.0 0.0 -17.70513242775789 0.0 0.0 0.0 
0.0 0.0 -17.62442511011448 0.0 0.0 0.0 
0.0 0.0 -17.542513807361036 0.0 0.0 0.0 
0.0 0.0 -17.459411454241824 0.0 0.0 0.0 
0.0 0.0 -17.375131173581742 0.0 0.0 0.0 
0.0 0.0 -17.289686274214112 0.0 0.0 0.0 
0.0 0.0 -17.20309024887907 0.0 0.0 0.0 
0.0 0.0 -17.115356772092856 0.0 0.0 0.0 
0.0 0.0 -17.02649969798849 0.0 0.0 0.0 
0.0 0.0 -16.93653305812805 0.0 0.0 0.0 
0.0 0.0 -16.845471059286886 0.0 0.0 0.0 
0.0 0.0 -16.753328081210242 0.0 0.0 0.0 
0.0 0.0 -16.660118674342517 0.0 0.0 0.0 
0.0 0.0 -16.56585755752956 0.0 0.0 0.0 
0.0 0.0 -16.47055961569444 0.0 0.0 0.0 
0.0 0.0 -16.374239897486895 0.0 0.0 0.0 
0.0 0.0 -16.27691361290701 0.0 0.0 0.0 
0.0 0.0 -16.178596130903337 0.0 0.0 0.0 
0.0 0.0 -16.079302976946057 0.0 0.0 0.0 
0.0 0.0 -15.97904983057519 0.0 0.0 0.0 
0.0 0.0 -15.877852522924732 0.0 0.0 0.0 
0.0 0.0 -15.775727034222676 0.0 0.0 0.0 
0.0 0.0 -15.672689491267562 0.0 0.0 0.0 
0.0 0.0 -15.568756164881878 0.0 0.0 0.0 
0.0 0.0 -15.463943467342688 0.0 0.0 0.0 
0.0 0.0 -15.358267949789962 0.0 0.0 0.0 
0.0 0.0 -15.25174629961296 0.0 0.0 0.0 
0.0 0.0 -15.144395337815059 0.0 0.0 0.0 
0.0 0.0 -15.036232016357609 0.0 0.0 0.0 
0.0 0.0 -14.927273415482915 0.0 0.0 0.0 
0.0 0.0 -14.81753674101715 0.0 0.0 0.0 
0.0 0.0 -14.707039321653323 0.0 0.0 0.0 
0.0 0.0 -14.595798606214874 0.0 0.0 0.0 
0.0 0.0 -14.483832160900327 0.0 0.0 0.0 
0.0 0.0 -14.371157666509333 0.0 0.0 0.0 
0.0 0.0 -14.257792915650729 0.0 0.0 0.0 
0.0 0.0 -14.143755809932841 0.0 0.0 0.0 
0.0 0.0 -14.029064357136626 0.0 0.0 0.0 
0.0 0.0 -13.913736668372023 0.0 0.0 0.0 
0.0 0.0 -13.797790955218009 0.0 0.0 0.0 
0.0 0.0 -13.681245526846777 0.0 0.0 0.0 
0.0 0.0 -13.56411878713251 0.0 0.0 0.0 
0.0 0.0 -13.446429231745165 0.0 0.0 0.0 
0.0 0.0 -13.32819544522987 0.0 0.0 0.0 
0.0 0.0 -13.209436098072096 0.0 0.0 0.0 
0.0 0.0 -13.090169943749475 0.0 0.0 0.0 
0.0 0.0 -12.970415815770348 0.0 0.0 0.0 
0.0 0.0 -12.85019262469976 0.0 0.0 0.0 
0.0 0.0 -12.729519355173249 0.0 0.0 0.0 
0.0 0.0 -12.608415062898965 0.0 0.0 0.0 
0.0 0.0 -12.486898871648544 0.0 0.0 0.0 
0.0 0.0 -12.36498997023725 0.0 0.0 0.0 
0.0 0.0 -12.242707609493806 0.0 0.0 0.0 
0.0 0.0 -12.120071099220548 0.0 0.0 0.0 
0.0 0.0 -11.997099805144071 0.0 0.0 0.0 
0.0 0.0 -11.873813145857245 0.0 0.0 0.0 
0.0 0.0 -11.750230589752759 0.0 0.0 0.0 
0.0 0.0 -11.626371651948833 0.0 0.0 0.0 
0.0 0.0 -11.502255891207575 0.0 0.0 0.0 
0.0 0.0 -11.377902906846384 0.0 0.0 0.0 
0.0 0.0 -11.253332335643044 0.0 0.0 0.0 
0.0 0.0 -11.128563848734817 0.0 0.0 0.0 
0.0 0.0 -11.003617148512149 0.0 0.0 0.0 
0.0 0.0 -10.878511965507432 0.0 0.0 0.0 
0.0 0.0 -10.753268055279324 0.0 0.0 0.0 
0.0 0.0 -10.627905195293131 0.0 0.0 0.0 
0.0 0.0 -10.5024431817977 0.0 0.0 0.0 
0.0 0.0 -10.37690182669934 0.0 0.0 0.0 
0.0 0.0 -10.251300954433377 0.0 0.0 0.0 
0.0 0.0 -10.125660398833528 0.0 0.0 0.0 
0.0 0.0 -10.0 0.0 0.0 0.0 
0.0 0.0 -9.874339601166474 0.0 0.0 0.0 
0.0 0.0 -9.748699045566624 0.0 0.0 0.0 
0.0 0.0 -9.623098173300653 0.0 0.0 0.0 
0.0 0.0 -9.4975568182023 0.0 0.0 0.0 
0.0 0.0 -9.372094804706862 0.0 0.0 0.0 
0.0 0.0 -9.246731944720676 0.0 0.0 0.0 
0.0 0.0 -9.121488034492561 0.0 0.0 0.0 
0.0 0.0 -8.996382851487851 0.0 0.0 0.0 
0.0 0.0 -8.871436151265183 0.0 0.0 0.0 
0.0 0.0 -8.746667664356956 0.0 0.0 0.0 
0.0 0.0 -8.622097093153616 0.0 0.0 0.0 
0.0 0.0 -8.497744108792427 0.0 0.0 0.0 
0.0 0.0 -8.373628348051168 0.0 0.0 0.0 
0.0 0.0 -8.249769410247243 0.0 0.0 0.0 
0.0 0.0 -8.126186854142755 0.0 0.0 0.0 
0.0 0.0 -8.00290019485593 0.0 0.0 0.0 
0.0 0.0 -7.879928900779454 0.0 0.0 0.0 
0.0 0.0 -7.757292390506187 0.0 0.0 0.0 
0.0 0.0 -7.635010029762752 0.0 0.0 0.0 
0.0 0.0 -7.513101128351449 0.0 0.0 0.0 
0.0 0.0 -7.391584937101036 0.0 0.0 0.0 
0.0 0.0 -7.270480644826742 0.0 0.0 0.0 
0.0 0.0 -7.149807375300242 0.0 0.0 0.0 
0.0 0.0 -7.029584184229653 0.0 0.0 0.0 
0.0 0.0 -6.909830056250526 0.0 0.0 0.0 
0.0 0.0 -6.7905639019279045 0.0 0.0 0.0 
0.0 0.0 -6.671804554770132 0.0 0.0 0.0 
0.0 0.0 -6.553570768254827 0.0 0.0 0.0 
0.0 0.0 -6.435881212867489 0.0 0.0 0.0 
0.0 0.0 -6.318754473153225 0.0 0.0 0.0 
0.0 0.0 -6.202209044781984 0.0 0.0 0.0 
0.0 0.0 -6.08626333162797 0.0 0.0 0.0 
0.0 0.0 -5.970935642863374 0.0 0.0 0.0 
0.0 0.0 -5.856244190067159 0.0 0.0 0.0 
0.0 0.0 -5.742207084349281 0.0 0.0 0.0 
0.0 0.0 -5.6288423334906685 0.0 0.0 0.0 
0.0 0.0 -5.5161678390996745 0.0 0.0 0.0 
0.0 0.0 -5.404201393785126 0.0 0.0 0.0 
0.0 0.0 -5.292960678346677 0.0 0.0 0.0 
0.0 0.0 -5.182463258982842 0.0 0.0 0.0 
0.0 0.0 -5.072726584517086 0.0 0.0 0.0 
0.0 0.0 -4.963767983642392 0.0 0.0 0.0 
0.0 0.0 -4.855604662184943 0.0 0.0 0.0 
0.0 0.0 -4.748253700387042 0.0 0.0 0.0 
0.0 0.0 -4.641732050210031 0.0 0.0 0.0 
0.0 0.0 -4.536056532657313 0.0 0.0 0.0 
0.0 0.0 -4.431243835118124 0.0 0.0 0.0 
0.0 0.0 -4.32731050873243 0.0 0.0 0.0 
0.0 0.0 -4.224272965777326 0.0 0.0 0.0 
0.0 0.0 -4.12214747707527 0.0 0.0 0.0 
0.0 0.0 -4.020950169424811 0.0 0.0 0.0 
0.0 0.0 -3.920697023053945 0.0 0.0 0.0 
0.0 0.0 -3.8214038690966543 0.0 0.0 0.0 
0.0 0.0 -3.7230863870929927 0.0 0.0 0.0 
0.0 0.0 -3.625760102513106 0.0 0.0 0.0 
0.0 0.0 -3.529440384305552 0.0 0.0 0.0 
0.0 0.0 -3.4341424424704305 0.0 0.0 0.0 
0.0 0.0 -3.339881325657484 0.0 0.0 0.0 
0.0 0.0 -3.2466719187897555 0.0 0.0 0.0 
0.0 0.0 -3.1545289407131065 0.0 0.0 0.0 
0.0 0.0 -3.0634669418719485 0.0 0.0 0.0 
0.0 0.0 -2.973500302011506 0.0 0.0 0.0 
0.0 0.0 -2.8846432279071497 0.0 0.0 0.0 
0.0 0.0 -2.7969097511209338 0.0 0.0 0.0 
0.0 0.0 -2.7103137257858805 0.0 0.0 0.0 
0.0 0.0 -2.624868826418262 0.0 0.0 0.0 
0.0 0.0 -2.5405885457581787 0.0 0.0 0.0 
0.0 0.0 -2.457486192638968 0.0 0.0 0.0 
0.0 0.0 -2.3755748898855202 0.0 0.0 0.0 
0.0 0.0 -2.294867572242106 0.0 0.0 0.0 
0.0 0.0 -2.215376984329769 0.0 0.0 0.0 
0.0 0.0 -2.1371156786338137 0.0 0.0 0.0 
0.0 0.0 -2.060096013521643 0.0 0.0 0.0 
0.0 0.0 -1.9843301512912355 0.0 0.0 0.0 
0.0 0.0 -1.9098300562505273 0.0 0.0 0.0 
0.0 0.0 -1.8366074928281613 0.0 0.0 0.0 
0.0 0.0 -1.7646740237157257 0.0 0.0 0.0 
0.0 0.0 -1.6940410080418715 0.0 0.0 0.0 
0.0 0.0 -1.6247195995785813 0.0 0.0 0.0 
0.0 0.0 -1.5567207449798524 0.0 0.0 0.0 
0.0 0.0 -1.4900551820530783 0.0 0.0 0.0 
0.0 0.0 -1.424733438063475 0.0 0.0 0.0 
0.0 0.0 -1.3607658280716475 0.0 0.0 0.0 
0.0 0.0 -1.2981624533047427 0.0 0.0 0.0 
0.0 0.0 -1.23693319956136 0.0 0.0 0.0 
0.0 0.0 -1.177087735650467 0.0 0.0 0.0 
0.0 0.0 -1.1186355118645537 0.0 0.0 0.0 
0.0 0.0 -1.0615857584873645 0.0 0.0 0.0 
0.0 0.0 -1.005947484336291 0.0 0.0 0.0 
0.0 0.0 -0.9517294753398016 0.0 0.0 0.0 
0.0 0.0 -0.8989402931500443 0.0 0.0 0.0 
0.0 0.0 -0.8475882737908247 0.0 0.0 0.0 
0.0 0.0 -0.7976815263413002 0.0 0.0 0.0 
0.0 0.0 -0.7492279316554189 0.0 0.0 0.0 
0.0 0.0 -0.7022351411174856 0.0 0.0 0.0 
0.0 0.0 -0.6567105754338805 0.0 0.0 0.0 
0.0 0.0 -0.61266142346126 0.0 0.0 0.0 
0.0 0.0 -0.5700946410713534 0.0 0.0 0.0 
0.0 0.0 -0.5290169500525579 0.0 0.0 0.0 
0.0 0.0 -0.48943483704846535 0.0 0.0 0.0 
0.0 0.0 -0.45135455253357115 0.0 0.0 0.0 
0.0 0.0 -0.4147821098262412 0.0 0.0 0.0 
0.0 0.0 -0.3797232841391409 0.0 0.0 0.0 
0.0 0.0 -0.34618361166726075 0.0 0.0 0.0 
0.0 0.0 -0.314168388713691 0.0 0.0 0.0 
0.0 0.0 -0.2836826708532598 0.0 0.0 0.0 
0.0 0.0 -0.25473127213422764 0.0 0.0 0.0 
0.0 0.0 -0.2273187643180652 0.0 0.0 0.0 
0.0 0.0 -0.2014494761575314 0.0 0.0 0.0 
0.0 0.0 -0.17712749271311168 0.0 0.0 0.0 
0.0 0.0 -0.15435665470794646 0.0 0.0 0.0 
0.0 0.0 -0.13314055792131896 0.0 0.0 0.0 
0.0 0.0 -0.11348255262086049 0.0 0.0 0.0 
0.0 0.0 -0.09538574303348746 0.0 0.0 0.0 
0.0 0.0 -0.07885298685522102 0.0 0.0 0.0 
0.0 0.0 -0.06388689479991605 0.0 0.0 0.0 
0.0 0.0 -0.05048983018699893 0.0 0.0 0.0 
0.0 0.0 -0.038663908568276284 0.0 0.0 0.0 
0.0 0.0 -0.028410997393860882 0.0 0.0 0.0 
0.0 0.0 -0.019732715717283966 0.0 0.0 0.0 
0.0 0.0 -0.012630433939825991 0.0 0.0 0.0 
0.0 0.0 -0.007105273594108397 0.0 0.0 0.0 
0.0 0.0 -0.003158107166999713 0.0 0.0 0.0 
0.0 0.0 -0.0007895579618395487 0.0 0.0 0.0 
0.0 0.0 0.0 0.0 0.0 0.0 
0.0 0.0 -0.0007895579618395487 0.0 0.0 0.0 
0.0 0.0 -0.003158107166999713 0.0 0.0 0.0 
0.0 0.0 -0.007105273594108397 0.0 0.0 0.0 
0.0 0.0 -0.012630433939825991 0.0 0.0 0.0 
0.0 0.0 -0.019732715717283966 0.0 0.0 0.0 
0.0 0.0 -0.028410997393860882 0.0 0.0 0.0 
0.0 0.0 -0.038663908568276284 0.0 0.0 0.0 
0.0 0.0 -0.05048983018699893 0.0 0.0 0.0 
0.0 0.0 -0.06388689479991605 0.0 0.0 0.0 
0.0 0.0 -0.0788529868552228 0.0 0.0 0.0 
0.0 0.0 -0.09538574303348746 0.0 0.0 0.0 
0.0 0.0 -0.11348255262086049 0.0 0.0 0.0 
0.0 0.0 -0.13314055792131896 0.0 0.0 0.0 
0.0 0.0 -0.15435665470794646 0.0 0.0 0.0 
0.0 0.0 -0.17712749271311345 0.0 0.0 0.0 
0.0 0.0 -0.2014494761575314 0.0 0.0 0.0 
0.0 0.0 -0.2273187643180652 0.0 0.0 0.0 
0.0 0.0 -0.25473127213422586 0.0 0.0 0.0 
0.0 0.0 -0.2836826708532616 0.0 0.0 0.0 
0.0 0.0 -0.31416838871368924 0.0 0.0 0.0 
0.0 0.0 -0.34618361166726075 0.0 0.0 0.0 
0.0 0.0 -0.37972328413913914 0.0 0.0 0.0 
0.0 0.0 -0.414782109826243 0.0 0.0 0.0 
0.0 0.0 -0.4513545525335694 0.0 0.0 0.0 
0.0 0.0 -0.4894348370484636 0.0 0.0 0.0 
0.0 0.0 -0.5290169500525561 0.0 0.0 0.0 
0.0 0.0 -0.5700946410713552 0.0 0.0 0.0 
0.0 0.0 -0.61266142346126 0.0 0.0 0.0 
0.0 0.0 -0.6567105754338805 0.0 0.0 0.0 
0.0 0.0 -0.7022351411174839 0.0 0.0 0.0 
0.0 0.0 -0.7492279316554225 0.0 0.0 0.0 
0.0 0.0 -0.7976815263413002 0.0 0.0 0.0 
0.0 0.0 -0.8475882737908229 0.0 0.0 0.0 
0.0 0.0 -0.8989402931500443 0.0 0.0 0.0 
0.0 0.0 -0.9517294753398087 0.0 0.0 0.0 
0.0 0.0 -1.005947484336291 0.0 0.0 0.0 
0.0 0.0 -1.0615857584873627 0.0 0.0 0.0 
0.0 0.0 -1.118635511864552 0.0 0.0 0.0 
0.0 0.0 -1.1770877356504652 0.0 0.0 0.0 
0.0 0.0 -1.236933199561367 0.0 0.0 0.0 
0.0 0.0 -1.2981624533047427 0.0 0.0 0.0 
0.0 0.0 -1.3607658280716457 0.0 0.0 0.0 
0.0 0.0 -1.4247334380634733 0.0 0.0 0.0 
0.0 0.0 -1.4900551820530819 0.0 0.0 0.0 
0.0 0.0 -1.5567207449798506 0.0 0.0 0.0 
0.0 0.0 -1.6247195995785795 0.0 0.0 0.0 
0.0 0.0 -1.6940410080418715 0.0 0.0 0.0 
0.0 0.0 -1.7646740237157292 0.0 0.0 0.0 
0.0 0.0 -1.8366074928281595 0.0 0.0 0.0 
0.0 0.0 -1.9098300562505237 0.0 0.0 0.0 
0.0 0.0 -1.9843301512912337 0.0 0.0 0.0 
0.0 0.0 -2.0600960135216475 0.0 0.0 0.0 
0.0 0.0 -2.137115678633812 0.0 0.0 0.0 
0.0 0.0 -2.215376984329768 0.0 0.0 0.0 
0.0 0.0 -2.2948675722421044 0.0 0.0 0.0 
0.0 0.0 -2.3755748898855247 0.0 0.0 0.0 
0.0 0.0 -2.4574861926389655 0.0 0.0 0.0 
0.0 0.0 -2.540588545758178 0.0 0.0 0.0 
0.0 0.0 -2.624868826418261 0.0 0.0 0.0 
0.0 0.0 -2.710313725785891 0.0 0.0 0.0 
0.0 0.0 -2.796909751120932 0.0 0.0 0.0 
0.0 0.0 -2.8846432279071488 0.0 0.0 0.0 
0.0 0.0 -2.9735003020115034 0.0 0.0 0.0 
0.0 0.0 -3.0634669418719476 0.0 0.0 0.0 
0.0 0.0 -3.154528940713117 0.0 0.0 0.0 
0.0 0.0 -3.2466719187897546 0.0 0.0 0.0 
0.0 0.0 -3.3398813256574833 0.0 0.0 0.0 
0.0 0.0 -3.4341424424704297 0.0 0.0 0.0 
0.0 0.0 -3.5294403843055573 0.0 0.0 0.0 
0.0 0.0 -3.625760102513105 0.0 0.0 0.0 
0.0 0.0 -3.723086387092991 0.0 0.0 0.0 
0.0 0.0 -3.8214038690966525 0.0 0.0 0.0 
0.0 0.0 -3.9206970230539504 0.0 0.0 0.0 
0.0 0.0 -4.020950169424809 0.0 0.0 0.0 
0.0 0.0 -4.122147477075267 0.0 0.0 0.0 
0.0 0.0 -4.224272965777324 0.0 0.0 0.0 
0.0 0.0 -4.327310508732436 0.0 0.0 0.0 
0.0 0.0 -4.431243835118122 0.0 0.0 0.0 
0.0 0.0 -4.536056532657311 0.0 0.0 0.0 
0.0 0.0 -4.641732050210029 0.0 0.0 0.0 
0.0 0.0 -4.748253700387047 0.0 0.0 0.0 
0.0 0.0 -4.85560466218494 0.0 0.0 0.0 
0.0 0.0 -4.96376798364239 0.0 0.0 0.0 
0.0 0.0 -5.072726584517083 0.0 0.0 0.0 
0.0 0.0 -5.182463258982855 0.0 0.0 0.0 
0.0 0.0 -5.292960678346676 0.0 0.0 0.0 
0.0 0.0 -5.404201393785123 0.0 0.0 0.0 
0.0 0.0 -5.516167839099673 0.0 0.0 0.0 
0.0 0.0 -5.628842333490667 0.0 0.0 0.0 
0.0 0.0 -5.742207084349278 0.0 0.0 0.0 
0.0 0.0 -5.856244190067156 0.0 0.0 0.0 
0.0 0.0 -5.970935642863372 0.0 0.0 0.0 
0.0 0.0 -6.0862633316279675 0.0 0.0 0.0 
0.0 0.0 -6.2022090447819895 0.0 0.0 0.0 
0.0 0.0 -6.318754473153222 0.0 0.0 0.0 
0.0 0.0 -6.435881212867487 0.0 0.0 0.0 
0.0 0.0 -6.553570768254825 0.0 0.0 0.0 
0.0 0.0 -6.671804554770138 0.0 0.0 0.0 
0.0 0.0 -6.790563901927902 0.0 0.0 0.0 
0.0 0.0 -6.909830056250525 0.0 0.0 0.0 
0.0 0.0 -7.02958418422965 0.0 0.0 0.0 
0.0 0.0 -7.149807375300239 0.0 0.0 0.0 
0.0 0.0 -7.270480644826749 0.0 0.0 0.0 
0.0 0.0 -7.391584937101033 0.0 0.0 0.0 
0.0 0.0 -7.5131011283514475 0.0 0.0 0.0 
0.0 0.0 -7.635010029762758 0.0 0.0 0.0 
0.0 0.0 -7.757292390506194 0.0 0.0 0.0 
0.0 0.0 -7.8799289007794515 0.0 0.0 0.0 
0.0 0.0 -8.002900194855929 0.0 0.0 0.0 
0.0 0.0 -8.126186854142762 0.0 0.0 0.0 
0.0 0.0 -8.249769410247241 0.0 0.0 0.0 
0.0 0.0 -8.373628348051167 0.0 0.0 0.0 
0.0 0.0 -8.497744108792425 0.0 0.0 0.0 
0.0 0.0 -8.622097093153624 0.0 0.0 0.0 
0.0 0.0 -8.746667664356963 0.0 0.0 0.0 
0.0 0.0 -8.871436151265181 0.0 0.0 0.0 
0.0 0.0 -8.99638285148785 0.0 0.0 0.0 
0.0 0.0 -9.12148803449256 0.0 0.0 0.0 
0.0 0.0 -9.246731944720674 0.0 0.0 0.0 
0.0 0.0 -9.372094804706869 0.0 0.0 0.0 
0.0 0.0 -9.497556818202298 0.0 0.0 0.0 
0.0 0.0 -9.623098173300649 0.0 0.0 0.0 
0.0 0.0 -9.74869904556663 0.0 0.0 0.0 
0.0 0.0 -9.87433960116647 0.0 0.0 0.0 
0.0 0.0 -9.999999999999998 0.0 0.0 0.0 
0.0 0.0 -10.125660398833526 0.0 0.0 0.0 
0.0 0.0 -10.251300954433376 0.0 0.0 0.0 
0.0 0.0 -10.376901826699347 0.0 0.0 0.0 
0.0 0.0 -10.502443181797698 0.0 0.0 0.0 
0.0 0.0 -10.627905195293128 0.0 0.0 0.0 
0.0 0.0 -10.753268055279332 0.0 0.0 0.0 
0.0 0.0 -10.878511965507437 0.0 0.0 0.0 
0.0 0.0 -11.003617148512147 0.0 0.0 0.0 
0.0 0.0 -11.128563848734816 0.0 0.0 0.0 
0.0 0.0 -11.253332335643051 0.0 0.0 0.0 
0.0 0.0 -11.377902906846382 0.0 0.0 0.0 
0.0 0.0 -11.502255891207565 0.0 0.0 0.0 
0.0 0.0 -11.626371651948839 0.0 0.0 0.0 
0.0 0.0 -11.750230589752773 0.0 0.0 0.0 
0.0 0.0 -11.873813145857252 0.0 0.0 0.0 
0.0 0.0 -11.997099805144067 0.0 0.0 0.0 
0.0 0.0 -12.120071099220535 0.0 0.0 0.0 
0.0 0.0 -12.242707609493811 0.0 0.0 0.0 
0.0 0.0 -12.364989970237255 0.0 0.0 0.0 
0.0 0.0 -12.486898871648549 0.0 0.0 0.0 
0.0 0.0 -12.608415062898963 0.0 0.0 0.0 
0.0 0.0 -12.729519355173256 0.0 0.0 0.0 
0.0 0.0 -12.850192624699757 0.0 0.0 0.0 
0.0 0.0 -12.970415815770355 0.0 0.0 0.0 
0.0 0.0 -13.090169943749473 0.0 0.0 0.0 
0.0 0.0 -13.209436098072086 0.0 0.0 0.0 
0.0 0.0 -13.328195445229866 0.0 0.0 0.0 
0.0 0.0 -13.446429231745164 0.0 0.0 0.0 
0.0 0.0 -13.564118787132509 0.0 0.0 0.0 
0.0 0.0 -13.681245526846775 0.0 0.0 0.0 
0.0 0.0 -13.797790955218016 0.0 0.0 0.0 
0.0 0.0 -13.913736668372021 0.0 0.0 0.0 
0.0 0.0 -14.029064357136633 0.0 0.0 0.0 
0.0 0.0 -14.143755809932841 0.0 0.0 0.0 
0.0 0.0 -14.257792915650734 0.0 0.0 0.0 
0.0 0.0 -14.37115766650933 0.0 0.0 0.0 
0.0 0.0 -14.483832160900317 0.0 0.0 0.0 
0.0 0.0 -14.595798606214881 0.0 0.0 0.0 
0.0 0.0 -14.707039321653337 0.0 0.0 0.0 
0.0 0.0 -14.817536741017157 0.0 0.0 0.0 
0.0 0.0 -14.927273415482913 0.0 0.0 0.0 
0.0 0.0 -15.036232016357598 0.0 0.0 0.0 
0.0 0.0 -15.144395337815064 0.0 0.0 0.0 
0.0 0.0 -15.251746299612964 0.0 0.0 0.0 
0.0 0.0 -15.358267949789967 0.0 0.0 0.0 
0.0 0.0 -15.463943467342686 0.0 0.0 0.0 
0.0 0.0 -15.568756164881883 0.0 0.0 0.0 
0.0 0.0 -15.672689491267562 0.0 0.0 0.0 
0.0 0.0 -15.77572703422268 0.0 0.0 0.0 
0.0 0.0 -15.87785252292473 0.0 0.0 0.0 
0.0 0.0 -15.97904983057518 0.0 0.0 0.0 
0.0 0.0 -16.079302976946053 0.0 0.0 0.0 
0.0 0.0 -16.178596130903337 0.0 0.0 0.0 
0.0 0.0 -16.27691361290701 0.0 0.0 0.0 
0.0 0.0 -16.374239897486895 0.0 0.0 0.0 
0.0 0.0 -16.470559615694448 0.0 0.0 0.0 
0.0 0.0 -16.56585755752956 0.0 0.0 0.0 
0.0 0.0 -16.66011867434252 0.0 0.0 0.0 
0.0 0.0 -16.753328081210242 0.0 0.0 0.0 
0.0 0.0 -16.845471059286893 0.0 0.0 0.0 
0.0 0.0 -16.93653305812805 0.0 0.0 0.0 
0.0 0.0 -17.026499697988488 0.0 0.0 0.0 
0.0 0.0 -17.115356772092856 0.0 0.0 0.0 
0.0 0.0 -17.20309024887908 0.0 0.0 0.0 
0.0 0.0 -17.28968627421412 0.0 0.0 0.0 
0.0 0.0 -17.375131173581735 0.0 0.0 0.0 
0.0 0.0 -17.459411454241813 0.0 0.0 0.0 
0.0 0.0 -17.54251380736104 0.0 0.0 0.0 
0.0 0.0 -17.624425110114483 0.0 0.0 0.0 
0.0 0.0 -17.705132427757896 0.0 0.0 0.0 
0.0 0.0 -17.78462301567023 0.0 0.0 0.0 
0.0 0.0 -17.86288432136619 0.0 0.0 0.0 
0.0 0.0 -17.93990398647835 0.0 0.0 0.0 
0.0 0.0 -18.015669848708768 0.0 0.0 0.0 
0.0 0.0 -18.090169943749473 0.0 0.0 0.0 
0.0 0.0 -18.163392507171835 0.0 0.0 0.0 
0.0 0.0 -18.235325976284273 0.0 0.0 0.0 
0.0 0.0 -18.30595899195812 0.0 0.0 0.0 
0.0 0.0 -18.375280400421417 0.0 0.0 0.0 
0.0 0.0 -18.443279255020148 0.0 0.0 0.0 
0.0 0.0 -18.50994481794692 0.0 0.0 0.0 
0.0 0.0 -18.575266561936523 0.0 0.0 0.0 
0.0 0.0 -18.639234171928358 0.0 0.0 0.0 
0.0 0.0 -18.701837546695256 0.0 0.0 0.0 
0.0 0.0 -18.76306680043864 0.0 0.0 0.0 
0.0 0.0 -18.822912264349533 0.0 0.0 0.0 
0.0 0.0 -18.88136448813544 0.0 0.0 0.0 
0.0 0.0 -18.93841424151264 0.0 0.0 0.0 
0.0 0.0 -18.994052515663718 0.0 0.0 0.0 
0.0 0.0 -19.048270524660197 0.0 0.0 0.0 
0.0 0.0 -19.101059706849956 0.0 0.0 0.0 
0.0 0.0 -19.15241172620917 0.0 0.0 0.0 
0.0 0.0 -19.202318473658703 0.0 0.0 0.0 
0.0 0.0 -19.250772068344585 0.0 0.0 0.0 
0.0 0.0 -19.297764858882516 0.0 0.0 0.0 
0.0 0.0 -19.343289424566116 0.0 0.0 0.0 
0.0 0.0 -19.387338576538742 0.0 0.0 0.0 
0.0 0.0 -19.429905358928643 0.0 0.0 0.0 
0.0 0.0 -19.470983049947442 0.0 0.0 0.0 
0.0 0.0 -19.510565162951536 0.0 0.0 0.0 
0.0 0.0 -19.548645447466427 0.0 0.0 0.0 
0.0 0.0 -19.58521789017376 0.0 0.0 0.0 
0.0 0.0 -19.620276715860857 0.0 0.0 0.0 
0.0 0.0 -19.65381638833274 0.0 0.0 0.0 
0.0 0.0 -19.68583161128631 0.0 0.0 0.0 
0.0 0.0 -19.71631732914674 0.0 0.0 0.0 
0.0 0.0 -19.74526872786577 0.0 0.0 0.0 
0.0 0.0 -19.772681235681937 0.0 0.0 0.0 
0.0 0.0 -19.79855052384247 0.0 0.0 0.0 
0.0 0.0 -19.82287250728689 0.0 0.0 0.0 
0.0 0.0 -19.845643345292054 0.0 0.0 0.0 
0.0 0.0 -19.866859442078677 0.0 0.0 0.0 
0.0 0.0 -19.88651744737914 0.0 0.0 0.0 
0.0 0.0 -19.904614256966514 0.0 0.0 0.0 
0.0 0.0 -19.92114701314478 0.0 0.0 0.0 
0.0 0.0 -19.936113105200086 0.0 0.0 0.0 
0.0 0.0 -19.949510169813003 0.0 0.0 0.0 
0.0 0.0 -19.961336091431725 0.0 0.0 0.0 
0.0 0.0 -19.97158900260614 0.0 0.0 0.0 
0.0 0.0 -19.980267284282718 0.0 0.0 0.0 
0.0 0.0 -19.987369566060174 0.0 0.0 0.0 
0.0 0.0 -19.992894726405893 0.0 0.0 0.0 
0.0 0.0 -19.996841892833 0.0 0.0 0.0 
0.0 0.0 -19.999210442038162 0.0 0.0 0.0 
0.0 0.0 -20.0 0.0 0.0 0.0 
0.0 0.0 -19.999210442038162 0.0 0.0 0.0 
0.0 0.0 -19.996841892833 0.0 0.0 0.0 
0.0 0.0 -19.992894726405893 0.0 0.0 0.0 
0.0 0.0 -19.987369566060174 0.0 0.0 0.0 
0.0 0.0 -19.980267284282718 0.0 0.0 0.0 
0.0 0.0 -19.971589002606137 0.0 0.0 0.0 
0.0 0.0 -19.961336091431725 0.0 0.0 0.0 
0.0 0.0 -19.949510169813003 0.0 0.0 0.0 
0.0 0.0 -19.936113105200086 0.0 0.0 0.0 
0.0 0.0 -19.921147013144775 0.0 0.0 0.0 
0.0 0.0 -19.90461425696651 0.0 0.0 0.0 
0.0 0.0 -19.88651744737914 0.0 0.0 0.0 
0.0 0.0 -19.86685944207868 0.0 0.0 0.0 
0.0 0.0 -19.845643345292054 0.0 0.0 0.0 
0.0 0.0 -19.82287250728689 0.0 0.0 0.0 
0.0 0.0 -19.798550523842472 0.0 0.0 0.0 
0.0 0.0 -19.772681235681937 0.0 0.0 0.0 
0.0 0.0 -19.74526872786577 0.0 0.0 0.0 
0.0 0.0 -19.716317329146737 0.0 0.0 0.0 
0.0 0.0 -19.68583161128631 0.0 0.0 0.0 
0.0 0.0 -19.653816388332743 0.0 0.0 0.0 
0.0 0.0 -19.620276715860857 0.0 0.0 0.0 
0.0 0.0 -19.58521789017376 0.0 0.0 0.0 
0.0 0.0 -19.548645447466427 0.0 0.0 0.0 
0.0 0.0 -19.510565162951536 0.0 0.0 0.0 
0.0 0.0 -19.470983049947446 0.0 0.0 0.0 
0.0 0.0 -19.429905358928643 0.0 0.0 0.0 
0.0 0.0 -19.387338576538745 0.0 0.0 0.0 
0.0 0.0 -19.34328942456612 0.0 0.0 0.0 
0.0 0.0 -19.297764858882516 0.0 0.0 0.0 
0.0 0.0 -19.25077206834458 0.0 0.0 0.0 
0.0 0.0 -19.202318473658707 0.0 0.0 0.0 
0.0 0.0 -19.152411726209174 0.0 0.0 0.0 
0.0 0.0 -19.10105970684996 0.0 0.0 0.0 
0.0 0.0 -19.04827052466019 0.0 0.0 0.0 
0.0 0.0 -18.99405251566371 0.0 0.0 0.0 
0.0 0.0 -18.93841424151264 0.0 0.0 0.0 
0.0 0.0 -18.881364488135443 0.0 0.0 0.0 
0.0 0.0 -18.822912264349526 0.0 0.0 0.0 
0.0 0.0 -18.763066800438633 0.0 0.0 0.0 
0.0 0.0 -18.70183754669526 0.0 0.0 0.0 
0.0 0.0 -18.639234171928358 0.0 0.0 0.0 
0.0 0.0 -18.575266561936523 0.0 0.0 0.0 
0.0 0.0 -18.509944817946916 0.0 0.0 0.0 
0.0 0.0 -18.44327925502015 0.0 0.0 0.0 
0.0 0.0 -18.37528040042142 0.0 0.0 0.0 
0.0 0.0 -18.305958991958125 0.0 0.0 0.0 
0.0 0.0 -18.235325976284276 0.0 0.0 0.0 
0.0 0.0 -18.163392507171835 0.0 0.0 0.0 
0.0 0.0 -18.090169943749476 0.0 0.0 0.0 
0.0 0.0 -18.01566984870877 0.0 0.0 0.0 
0.0 0.0 -17.939903986478356 0.0 0.0 0.0 
0.0 0.0 -17.862884321366195 0.0 0.0 0.0 
0.0 0.0 -17.784623015670235 0.0 0.0 0.0 
0.0 0.0 -17.705132427757885 0.0 0.0 0.0 
0.0 0.0 -17.624425110114476 0.0 0.0 0.0 
0.0 0.0 -17.54251380736104 0.0 0.0 0.0 
0.0 0.0 -17.459411454241817 0.0 0.0 0.0 
0.0 0.0 -17.375131173581742 0.0 0.0 0.0 
0.0 0.0 -17.289686274214123 0.0 0.0 0.0 
0.0 0.0 -17.203090248879082 0.0 0.0 0.0 
0.0 0.0 -17.115356772092845 0.0 0.0 0.0 
0.0 0.0 -17.02649969798849 0.0 0.0 0.0 
0.0 0.0 -16.93653305812804 0.0 0.0 0.0 
0.0 0.0 -16.845471059286883 0.0 0.0 0.0 
0.0 0.0 -16.75332808121025 0.0 0.0 0.0 
0.0 0.0 -16.660118674342524 0.0 0.0 0.0 
0.0 0.0 -16.565857557529565 0.0 0.0 0.0 
0.0 0.0 -16.470559615694448 0.0 0.0 0.0 
0.0 0.0 -16.37423989748691 0.0 0.0 0.0 
0.0 0.0 -16.276913612906995 0.0 0.0 0.0 
0.0 0.0 -16.17859613090334 0.0 0.0 0.0 
0.0 0.0 -16.07930297694606 0.0 0.0 0.0 
0.0 0.0 -15.979049830575185 0.0 0.0 0.0 
0.0 0.0 -15.877852522924734 0.0 0.0 0.0 
0.0 0.0 -15.775727034222683 0.0 0.0 0.0 
0.0 0.0 -15.672689491267565 0.0 0.0 0.0 
0.0 0.0 -15.568756164881886 0.0 0.0 0.0 
0.0 0.0 -15.463943467342691 0.0 0.0 0.0 
0.0 0.0 -15.358267949789957 0.0 0.0 0.0 
0.0 0.0 -15.251746299612954 0.0 0.0 0.0 
0.0 0.0 -15.14439533781507 0.0 0.0 0.0 
0.0 0.0 -15.036232016357603 0.0 0.0 0.0 
0.0 0.0 -14.927273415482917 0.0 0.0 0.0 
0.0 0.0 -14.817536741017161 0.0 0.0 0.0 
0.0 0.0 -14.70703932165334 0.0 0.0 0.0 
0.0 0.0 -14.59579860621487 0.0 0.0 0.0 
0.0 0.0 -14.48383216090032 0.0 0.0 0.0 
0.0 0.0 -14.371157666509319 0.0 0.0 0.0 
0.0 0.0 -14.257792915650722 0.0 0.0 0.0 
0.0 0.0 -14.143755809932845 0.0 0.0 0.0 
0.0 0.0 -14.029064357136637 0.0 0.0 0.0 
0.0 0.0 -13.913736668372024 0.0 0.0 0.0 
0.0 0.0 -13.79779095521802 0.0 0.0 0.0 
0.0 0.0 -13.681245526846794 0.0 0.0 0.0 
0.0 0.0 -13.564118787132497 0.0 0.0 0.0 
0.0 0.0 -13.446429231745167 0.0 0.0 0.0 
0.0 0.0 -13.328195445229872 0.0 0.0 0.0 
0.0 0.0 -13.20943609807209 0.0 0.0 0.0 
0.0 0.0 -13.090169943749476 0.0 0.0 0.0 
0.0 0.0 -12.970415815770359 0.0 0.0 0.0 
0.0 0.0 -12.850192624699762 0.0 0.0 0.0 
0.0 0.0 -12.72951935517326 0.0 0.0 0.0 
0.0 0.0 -12.608415062898969 0.0 0.0 0.0 
0.0 0.0 -12.486898871648537 0.0 0.0 0.0 
0.0 0.0 -12.364989970237243 0.0 0.0 0.0 
0.0 0.0 -12.242707609493817 0.0 0.0 0.0 
0.0 0.0 -12.12007109922054 0.0 0.0 0.0 
0.0 0.0 -11.997099805144073 0.0 0.0 0.0 
0.0 0.0 -11.873813145857255 0.0 0.0 0.0 
0.0 0.0 -11.750230589752778 0.0 0.0 0.0 
0.0 0.0 -11.626371651948826 0.0 0.0 0.0 
0.0 0.0 -11.502255891207568 0.0 0.0 0.0 
0.0 0.0 -11.37790290684637 0.0 0.0 0.0 
0.0 0.0 -11.253332335643039 0.0 0.0 0.0 
0.0 0.0 -11.12856384873482 0.0 0.0 0.0 
0.0 0.0 -11.003617148512161 0.0 0.0 0.0 
0.0 0.0 -10.878511965507434 0.0 0.0 0.0 
0.0 0.0 -10.753268055279337 0.0 0.0 0.0 
0.0 0.0 -10.627905195293115 0.0 0.0 0.0 
0.0 0.0 -10.502443181797686 0.0 0.0 0.0 
0.0 0.0 -10.376901826699342 0.0 0.0 0.0 
0.0 0.0 -10.251300954433379 0.0 0.0 0.0 
0.0 0.0 -10.12566039883352 0.0 0.0 0.0 
0.0 0.0 -10.000000000000004 0.0 0.0 0.0 
0.0 0.0 -9.874339601166485 0.0 0.0 0.0 
0.0 0.0 -9.748699045566626 0.0 0.0 0.0 
0.0 0.0 -9.623098173300663 0.0 0.0 0.0 
0.0 0.0 -9.497556818202304 0.0 0.0 0.0 
0.0 0.0 -9.372094804706855 0.0 0.0 0.0 
0.0 0.0 -9.24673194472067 0.0 0.0 0.0 
0.0 0.0 -9.121488034492574 0.0 0.0 0.0 
0.0 0.0 -8.996382851487846 0.0 0.0 0.0 
0.0 0.0 -8.871436151265186 0.0 0.0 0.0 
0.0 0.0 -8.746667664356968 0.0 0.0 0.0 
0.0 0.0 -8.622097093153638 0.0 0.0 0.0 
0.0 0.0 -8.49774410879242 0.0 0.0 0.0 
0.0 0.0 -8.373628348051163 0.0 0.0 0.0 
0.0 0.0 -8.249769410247229 0.0 0.0 0.0 
0.0 0.0 -8.12618685414275 0.0 0.0 0.0 
0.0 0.0 -8.002900194855933 0.0 0.0 0.0 
0.0 0.0 -7.879928900779465 0.0 0.0 0.0 
0.0 0.0 -7.757292390506191 0.0 0.0 0.0 
0.0 0.0 -7.635010029762762 0.0 0.0 0.0 
0.0 0.0 -7.513101128351435 0.0 0.0 0.0 
0.0 0.0 -7.391584937101021 0.0 0.0 0.0 
0.0 0.0 -7.270480644826745 0.0 0.0 0.0 
0.0 0.0 -7.149807375300243 0.0 0.0 0.0 
0.0 0.0 -7.0295841842296465 0.0 0.0 0.0 
0.0 0.0 -6.909830056250529 0.0 0.0 0.0 
0.0 0.0 -6.790563901927916 0.0 0.0 0.0 
0.0 0.0 -6.671804554770135 0.0 0.0 0.0 
0.0 0.0 -6.553570768254838 0.0 0.0 0.0 
0.0 0.0 -6.435881212867492 0.0 0.0 0.0 
0.0 0.0 -6.31875447315321 0.0 0.0 0.0 
0.0 0.0 -6.202209044781986 0.0 0.0 0.0 
0.0 0.0 -6.08626333162798 0.0 0.0 0.0 
0.0 0.0 -5.970935642863369 0.0 0.0 0.0 
0.0 0.0 -5.8562441900671605 0.0 0.0 0.0 
0.0 0.0 -5.742207084349283 0.0 0.0 0.0 
0.0 0.0 -5.628842333490687 0.0 0.0 0.0 
0.0 0.0 -5.516167839099669 0.0 0.0 0.0 
0.0 0.0 -5.40420139378512 0.0 0.0 0.0 
0.0 0.0 -5.292960678346664 0.0 0.0 0.0 
0.0 0.0 -5.182463258982844 0.0 0.0 0.0 
0.0 0.0 -5.0727265845170875 0.0 0.0 0.0 
0.0 0.0 -4.963767983642402 0.0 0.0 0.0 
0.0 0.0 -4.855604662184937 0.0 0.0 0.0 
0.0 0.0 -4.748253700387051 0.0 0.0 0.0 
0.0 0.0 -4.641732050210019 0.0 0.0 0.0 
0.0 0.0 -4.536056532657301 0.0 0.0 0.0 
0.0 0.0 -4.431243835118118 0.0 0.0 0.0 
0.0 0.0 -4.327310508732439 0.0 0.0 0.0 
0.0 0.0 -4.22427296577732 0.0 0.0 0.0 
0.0 0.0 -4.122147477075271 0.0 0.0 0.0 
0.0 0.0 -4.020950169424821 0.0 0.0 0.0 
0.0 0.0 -3.920697023053947 0.0 0.0 0.0 
0.0 0.0 -3.821403869096663 0.0 0.0 0.0 
0.0 0.0 -3.7230863870929944 0.0 0.0 0.0 
0.0 0.0 -3.6257601025130946 0.0 0.0 0.0 
0.0 0.0 -3.5294403843055546 0.0 0.0 0.0 
0.0 0.0 -3.4341424424704394 0.0 0.0 0.0 
0.0 0.0 -3.3398813256574797 0.0 0.0 0.0 
0.0 0.0 -3.2466719187897572 0.0 0.0 0.0 
0.0 0.0 -3.1545289407131207 0.0 0.0 0.0 
0.0 0.0 -3.0634669418719636 0.0 0.0 0.0 
0.0 0.0 -2.9735003020115016 0.0 0.0 0.0 
0.0 0.0 -2.8846432279071452 0.0 0.0 0.0 
0.0 0.0 -2.796909751120923 0.0 0.0 0.0 
0.0 0.0 -2.7103137257858823 0.0 0.0 0.0 
0.0 0.0 -2.624868826418264 0.0 0.0 0.0 
0.0 0.0 -2.5405885457581867 0.0 0.0 0.0 
0.0 0.0 -2.4574861926389637 0.0 0.0 0.0 
0.0 0.0 -2.3755748898855273 0.0 0.0 0.0 
0.0 0.0 -2.2948675722420964 0.0 0.0 0.0 
0.0 0.0 -2.21537698432976 0.0 0.0 0.0 
0.0 0.0 -2.13711567863381 0.0 0.0 0.0 
0.0 0.0 -2.060096013521651 0.0 0.0 0.0 
0.0 0.0 -1.984330151291232 0.0 0.0 0.0 
0.0 0.0 -1.9098300562505273 0.0 0.0 0.0 
0.0 0.0 -1.8366074928281666 0.0 0.0 0.0 
0.0 0.0 -1.7646740237157275 0.0 0.0 0.0 
0.0 0.0 -1.6940410080418786 0.0 0.0 0.0 
0.0 0.0 -1.624719599578583 0.0 0.0 0.0 
0.0 0.0 -1.5567207449798435 0.0 0.0 0.0 
0.0 0.0 -1.49005518205308 0.0 0.0 0.0 
0.0 0.0 -1.4247334380634804 0.0 0.0 0.0 
0.0 0.0 -1.360765828071644 0.0 0.0 0.0 
0.0 0.0 -1.2981624533047444 0.0 0.0 0.0 
0.0 0.0 -1.2369331995613706 0.0 0.0 0.0 
0.0 0.0 -1.1770877356504759 0.0 0.0 0.0 
0.0 0.0 -1.1186355118645501 0.0 0.0 0.0 
0.0 0.0 -1.061585758487361 0.0 0.0 0.0 
0.0 0.0 -1.0059474843362857 0.0 0.0 0.0 
0.0 0.0 -0.9517294753398033 0.0 0.0 0.0 
0.0 0.0 -0.8989402931500443 0.0 0.0 0.0 
0.0 0.0 -0.84758827379083 0.0 0.0 0.0 
0.0 0.0 -0.7976815263412966 0.0 0.0 0.0 
0.0 0.0 -0.7492279316554225 0.0 0.0 0.0 
0.0 0.0 -0.7022351411174803 0.0 0.0 0.0 
0.0 0.0 -0.6567105754338769 0.0 0.0 0.0 
0.0 0.0 -0.6126614234612582 0.0 0.0 0.0 
0.0 0.0 -0.570094641071357 0.0 0.0 0.0 
0.0 0.0 -0.5290169500525561 0.0 0.0 0.0 
0.0 0.0 -0.48943483704846535 0.0 0.0 0.0 
0.0 0.0 -0.45135455253357293 0.0 0.0 0.0 
0.0 0.0 -0.4147821098262412 0.0 0.0 0.0 
0.0 0.0 -0.37972328413914447 0.0 0.0 0.0 
0.0 0.0 -0.34618361166726075 0.0 0.0 0.0 
0.0 0.0 -0.3141683887136857 0.0 0.0 0.0 
0.0 0.0 -0.2836826708532598 0.0 0.0 0.0 
0.0 0.0 -0.2547312721342294 0.0 0.0 0.0 
0.0 0.0 -0.22731876431806342 0.0 0.0 0.0 
0.0 0.0 -0.2014494761575314 0.0 0.0 0.0 
0.0 0.0 -0.17712749271311523 0.0 0.0 0.0 
0.0 0.0 -0.15435665470794824 0.0 0.0 0.0 
0.0 0.0 -0.13314055792131718 0.0 0.0 0.0 
0.0 0.0 -0.11348255262085871 0.0 0.0 0.0 
0.0 0.0 -0.09538574303348568 0.0 0.0 0.0 
0.0 0.0 -0.07885298685522102 0.0 0.0 0.0 
0.0 0.0 -0.06388689479991605 0.0 0.0 0.0 
0.0 0.0 -0.05048983018699893 0.0 0.0 0.0 
0.0 0.0 -0.038663908568276284 0.0 0.0 0.0 
0.0 0.0 -0.028410997393862658 0.0 0.0 0.0 
0.0 0.0 -0.019732715717283966 0.0 0.0 0.0 
0.0 0.0 -0.012630433939824215 0.0 0.0 0.0 
0.0 0.0 -0.007105273594108397 0.0 0.0 0.0 
0.0 0.0 -0.003158107166999713 0.0 0.0 0.0 
0.0 0.0 -0.0007895579618395487 0.0 0.0 0.0 
