1.848136733486145e-17 0.5235987755982989 -2.5215818963453966e-17 1.5707963267948966 1.4558359866386973e-17 1.0471975511965976 1.1182932751682279e-16 
1.853548020487031e-17 0.5262814214443852 -2.5347079965153216e-17 1.5665670214289282 1.4688988772316618e-17 1.0487442107164797 1.117582120277549e-16 
1.875445256144638e-17 0.5289664024891879 -2.5705091347215917e-17 1.562328252761377 1.4951909625007403e-17 1.050297998339228 1.1159140630936676e-16 
1.8020559225467828e-17 0.5316536650275534 -2.4755931194846515e-17 1.5580801135897135 1.445304488996825e-17 1.051858874972526 1.119782716590041e-16 
1.7911285623985445e-17 0.5343431553557948 -2.4662642359447542e-17 1.5538226972142266 1.4451447702783303e-17 1.0534268010197716 1.1200359029282336e-16 
1.8051026375075165e-17 0.5370348197650557 -2.491278114853731e-17 1.5495560974437532 1.465125375436771e-17 1.055001736380984 1.118835294288977e-16 
1.7302161960585613e-17 0.5397286045346246 -2.3935020226128316e-17 1.545280408601558 1.4127211004439905e-17 1.0565836404536106 1.1228576652866878e-16 
1.6718805491648345e-17 0.5424244559251917 -2.3182349852398144e-17 1.5409957255313722 1.3732178519577353e-17 1.058172472133229 1.125935778352179e-16 
1.6922479607213207e-17 0.5451223201720528 -2.352018259999758e-17 1.536702143603589 1.3982067351384527e-17 1.0597681898141513 1.1243763147495549e-16 
1.6632032025666645e-17 0.5478221434782523 -2.3171396015649643e-17 1.5323997587216238 1.3823596443597604e-17 1.0613707513899169 1.125747646056221e-16 
1.6160640904789678e-17 0.5505238720076693 -2.2568433046576223e-17 1.5280886673284382 1.351132366903699e-17 1.0629801142536857 1.1282120657163719e-16 
1.7560482235827026e-17 0.553227451878048 -2.45822125245173e-17 1.5237689664132321 1.476844155735616e-17 1.064596235298513 1.1194921325777007e-16 
1.783990266449348e-17 0.5559328291539686 -2.5033668962510114e-17 1.5194407535183028 1.5091939092077318e-17 1.0662190709175219 1.1174476268204651e-16 
1.820649797989769e-17 0.5586399498397492 -2.5610127911540473e-17 1.5151041267460836 1.5492761044257236e-17 1.06784857700396 1.1148671331646102e-16 
1.89773985691969e-17 0.5613487598723007 -2.6759694488101788e-17 1.5107591847663517 1.6243683714656334e-17 1.0694847089511406 1.1098265551217615e-16 
1.8948891872667385e-17 0.5640592051139045 -2.678510112651351e-17 1.5064060268236203 1.6314463308724646e-17 1.0711274216522682 1.109608690822717e-16 
1.9642327657106407e-17 0.5667712313449376 -2.783385159948607e-17 1.5020447527447067 1.701056856350908e-17 1.0727766695001488 1.1049956465428366e-16 
1.991179504207833e-17 0.5694847842565255 -2.828574087067917e-17 1.4976754629464903 1.7344790598870297e-17 1.0744324063867772 1.1029468690504954e-16 
1.9999399893816683e-17 0.5721998094431318 -2.848110450804112e-17 1.4932982584438563 1.7522833489557012e-17 1.0760945857028048 1.1020037656716809e-16 
2.113265925761566e-17 0.5749162523950809 -3.0170512226265666e-17 1.4889132408578303 1.862371353476653e-17 1.0777631603368818 1.0946250025568114e-16 
2.1386601561361196e-17 0.5776340584910109 -3.0610114666533763e-17 1.4845205124239071 1.8957226586103687e-17 1.079438082674875 1.0926297455239048e-16 
2.245846732527046e-17 0.5803531729902565 -3.2225816924585445e-17 1.4801201760005747 2.002305047267703e-17 1.081119304598962 1.0855603454505333e-16 
2.198260435086469e-17 0.5830735410251603 -3.1623477673282055e-17 1.4757123350780437 1.97125440673037e-17 1.0828067774865893 1.0880656993892453e-16 
2.22206800709772e-17 0.5857951075933108 -3.204797096828206e-17 1.4712970937871757 2.004152080992983e-17 1.0845004522093067 1.0861416577885749e-16 
2.2233742858890587e-17 0.5885178175497093 -3.2149523765103157e-17 1.4668745569086208 2.01693625643944e-17 1.0862002791314629 1.0856167679161808e-16 
2.3512278597624412e-17 0.5912416155988556 -3.408643222636132e-17 1.4624448298821642 2.1452461873014708e-17 1.0879062081087734 1.0771547110833378e-16 
2.1964511690464648e-17 0.5939664462867582 -3.192562098284212e-17 1.4580080188162918 2.015595783215312e-17 1.089618188486743 1.0864289746272903e-16 
2.095582579204754e-17 0.5966922539928682 -3.053934280189791e-17 1.4535642304979635 1.93411754542058e-17 1.0913361690989614 1.0923630880743731e-16 
2.124954194706494e-17 0.599418982921929 -3.104900894417128e-17 1.4491135724026198 1.9725165995911853e-17 1.0930600982652443 1.090091467823674e-16 
2.1681132057214298e-17 0.6021465770957442 -3.1763588704063814e-17 1.4446561527044028 2.0241512102900855e-17 1.0947899237896461 1.0869341742880091e-16 
2.1888878694874102e-17 0.6048749803448616 -3.2153389579133687e-17 1.4401920802866124 2.055281886904903e-17 1.0965255929583189 1.0851877950207592e-16 
2.2907668309908925e-17 0.6076041363001733 -3.374007116204351e-17 1.4357214647523893 2.1632798756711097e-17 1.0982670525372304 1.0782518763532074e-16 
2.3424638435180157e-17 0.610333988384422 -3.459442422595385e-17 1.4312444164356402 2.2247735216622596e-17 1.1000142487697309 1.074494837859748e-16 
2.3589101660556652e-17 0.6130644798036249 -3.493164027190256e-17 1.4267610464121971 2.2532149527749705e-17 1.1017671273739709 1.072985957976701e-16 
2.2751556757034785e-17 0.6157955535384 -3.378308818768478e-17 1.4222714665112253 2.185636618969578e-17 1.103525633540168 1.077933952866613e-16 
2.3309052577987166e-17 0.6185271523352028 -3.470562003674385e-17 1.4177757893268734 2.251979670121501e-17 1.1052897119277167 1.0738931990405423e-16 
2.2498905686384695e-17 0.6212592186974654 -3.3591536242601503e-17 1.4132741282301815 2.1861084835343865e-17 1.1070593066621464 1.0787043427372774e-16 
2.2434783358629e-17 0.6239916948766366 -3.358845152877395e-17 1.4087665973812422 2.1923011451631692e-17 1.1088343613319143 1.0786946410671137e-16 
2.2853299094950787e-17 0.626724522863127 -3.431018074468359e-17 1.4042533117416207 2.2459127209612356e-17 1.1106148189850455 1.0755400899046207e-16 
2.261347844221367e-17 0.6294576443771446 -3.404504099035502e-17 1.3997343870870433 2.2349853807819092e-17 1.112400622125605 1.0766792060148499e-16 
2.2960791025619067e-17 0.6321910008594356 -3.4665073988169166e-17 1.3952099400203488 2.2822083282032634e-17 1.1141917127100087 1.0739762354196733e-16 
2.2886538944062058e-17 0.6349245334619107 -3.4650589640514315e-17 1.3906800879847194 2.287744621610778e-17 1.115988032143163 1.0740362308291812e-16 
2.3727271750142357e-17 0.637658183038167 -3.6025497152613625e-17 1.3861449492771833 2.3852403266087123e-17 1.1177895212744426 1.068062440581919e-16 
2.3432427486459048e-17 0.6403918901338989 -3.567940441423135e-17 1.3816046430624045 2.3689535619422726e-17 1.1195961203934897 1.0695743500641488e-16 
2.3166695535059656e-17 0.6431255949771946 -3.537602453125597e-17 1.3770592893867553 2.3553549749164225e-17 1.1214077692258433 1.0709057479094046e-16 
2.311380345674589e-17 0.6458592374687175 -3.5397083122883986e-17 1.3725090091926788 2.363278291641862e-17 1.1232244069283965 1.070832320112307e-16 
2.3349904546505918e-17 0.6485927571717697 -3.586235582350898e-17 1.3679539243333574 2.400921522829599e-17 1.125045972084666 1.0688341642163367e-16 
2.2942265733221604e-17 0.6513260933022355 -3.5338995224163295e-17 1.3633941575876634 2.372339683369093e-17 1.1268724026998944 1.0711365435027163e-16 
2.1436684216204847e-17 0.6540591847184024 -3.311663832235249e-17 1.358829832675433 2.2291755456812355e-17 1.1287036361959577 1.0808219098551566e-16 
2.0910961982040342e-17 0.6567919699106541 -3.239962359369115e-17 1.3542610742730412 2.1867806143088377e-17 1.1305396094060978 1.0839715555792341e-16 
2.0251748298029234e-17 0.6595243869910379 -3.147113331466926e-17 1.3496880080292921 2.1297900271045157e-17 1.1323802585694631 1.0880421939959977e-16 
1.982746275177748e-17 0.6622563736827018 -3.090348955322751e-17 1.3451107605816326 2.0969258253208025e-17 1.1342255193254587 1.0905491691897714e-16 
1.8421609762236894e-17 0.6649878673091973 -2.8798183787494763e-17 1.3405294595726858 1.9592227881766872e-17 1.1360753267079098 1.0997288874099269e-16 
1.8766071807457072e-17 0.6677188047836473 -2.9424878396619036e-17 1.3359442336671192 2.0070984227058142e-17 1.1379296151390266 1.0970599890005121e-16 
1.6846046804863787e-17 0.670449122597772 -2.6494134916013518e-17 1.3313552125688477 1.811887162428545e-17 1.1397883184231734 1.1098161499128232e-16 
1.6583428518713408e-17 0.6731787568107797 -2.616032721655738e-17 1.3267625270385734 1.7936767675091993e-17 1.14165136974044 1.1113144875240726e-16 
1.6334546324283155e-17 0.6759076430381089 -2.5846379636666825e-17 1.3221663089116718 1.776693787726591e-17 1.1435187016400123 1.1127292078807914e-16 
1.6162989954207775e-17 0.6786357164400253 -2.56533943821103e-17 1.3175666911164317 1.7679169294321842e-17 1.145390246033336 1.1136227320407614e-16 
1.4594903935368177e-17 0.6813629117100688 -2.3236011416855723e-17 1.3129638076926475 1.6053698384896333e-17 1.1472659341870766 1.1241405254466562e-16 
1.4564236462124896e-17 0.6840891630633483 -2.3259051137764404e-17 1.3083577938105746 1.610995816714207e-17 1.1491456967158702 1.1240999296584242e-16 
1.4256556082680186e-17 0.6868144042246815 -2.283860479270074e-17 1.3037487857902486 1.5858179874595954e-17 1.151029463574863 1.1259786890053553e-16 
1.3971930794986613e-17 0.6895385684165761 -2.2452711173743893e-17 1.299136921121183 1.562882796769326e-17 1.152917164052034 1.1277091552727405e-16 
1.4868992875676466e-17 0.6922615883470511 -2.3969451779891356e-17 1.2945223384824336 1.6725616013015497e-17 1.1548087267603082 1.12123169179349e-16 
1.5319693888045252e-17 0.6949833961972934 -2.4774083253485724e-17 1.2899051777630561 1.7329283691969795e-17 1.1567040796294434 1.1178368965282778e-16 
1.496464968460898e-17 0.6977039236091469 -2.4276820177110967e-17 1.2852855800829448 1.7022622359079025e-17 1.1586031498977014 1.120059335586647e-16 
1.561255391262723e-17 0.7004231016724329 -2.540877534385996e-17 1.2806636878140694 1.7859230212626347e-17 1.1605058641032908 1.1152684495333088e-16 
1.5728101482618997e-17 0.7031408609121 -2.567895958567761e-17 1.2760396446021063 1.8092288621770838e-17 1.162412148075587 1.1141955074723767e-16 
1.5601637213977723e-17 0.7058571312751932 -2.5554621146014815e-17 1.2714135953884775 1.8047431467899473e-17 1.1643219269261225 1.1148234857401335e-16 
1.605027649174294e-17 0.7085718421176499 -2.637465337518767e-17 1.2667856864327998 1.867047739048599e-17 1.1662351250393432 1.1113990463190388e-16 
1.618134906575855e-17 0.7112849221909111 -2.6676617825250733e-17 1.262156065335748 1.892844857160145e-17 1.168151666063134 1.110206919632845e-16 
1.713458066627277e-17 0.7139962996283501 -2.8340542065351646e-17 1.257524881062336 2.0155841032581353e-17 1.1700714728991068 1.103183614121646e-16 
1.7339887673676838e-17 0.7167059019315131 -2.877440975272231e-17 1.252892283965632 2.0511654352050696e-17 1.171994467692648 1.1014444586087206e-16 
1.7751867608664516e-17 0.7194136559561692 -2.9555377506969173e-17 1.2482584258108966 2.1116663061702126e-17 1.1739205718227272 1.0982281216786646e-16 
1.8000229041676126e-17 0.722119487898171 -3.006835422881811e-17 1.24362345980016 2.1532081532528983e-17 1.1758497058914619 1.0961676056266189e-16 
1.7390593295079454e-17 0.7248233232791113 -2.9146878082008367e-17 1.2389875405972512 2.0919393497688085e-17 1.1777817897134304 1.1002383557394587e-16 
1.7299063467647923e-17 0.7275250869317922 -2.909062907087192e-17 1.234350824353254 2.092589286024681e-17 1.179716742304747 1.100615329532856e-16 
1.6924554548158228e-17 0.7302247029854814 -2.855666589089734e-17 1.2297134687324385 2.0587585753364635e-17 1.1816544818718733 1.1030299967491809e-16 
1.5754707471550887e-17 0.7329220948509739 -2.6672712805289844e-17 1.2250756329386314 1.9271937783224903e-17 1.1835949258001879 1.1111857088029798e-16 
1.6251764237757673e-17 0.73561718520544 -2.7607737004874258e-17 1.2204374777420612 1.9991370249797852e-17 1.1855379906422918 1.10734877955657e-16 
1.5293377680850224e-17 0.7383098959770666 -2.6068378527691376e-17 1.2157991655066653 1.891788814663457e-17 1.1874835921060611 1.1140250652141796e-16 
1.5843052438313762e-17 0.7410001483294862 -2.7097962035954156e-17 1.2111608602178687 1.97076804553818e-17 1.189431645042438 1.109800724890172e-16 
1.5640528586744145e-17 0.7436878626459899 -2.684375190271124e-17 1.2065227275108452 1.956481530598663e-17 1.191382063432958 1.1110248133132997e-16 
1.5616827575292878e-17 0.7463729585135247 -2.6895862452262932e-17 1.2018849346992486 1.964468699598926e-17 1.19333476037702 1.1109545477905798e-16 
1.5399025856251482e-17 0.7490553547064687 -2.6612987095258954e-17 1.1972476508044454 1.9479322702990628e-17 1.195289648078879 1.1123022799167545e-16 
1.457020972608422e-17 0.7517349691701884 -2.526857397986372e-17 1.1926110465852224 1.8534252757943468e-17 1.197246637834382 1.1181249826118755e-16 
1.5196459379723128e-17 0.7544117190043668 -2.644714106601526e-17 1.1879752945679967 1.943930646114803e-17 1.1992056400174296 1.1133140684794769e-16 
1.403468100397538e-17 0.7570855204461084 -2.4511341272384888e-17 1.183340569077521 1.805387392216954e-17 1.2011665640661637 1.1216119149358167e-16 
1.3940452810861665e-17 0.7597562888528163 -2.4432979997015878e-17 1.1787070462680878 1.8033279228679237e-17 1.203129318468889 1.1220925730954463e-16 
1.3239441617019902e-17 0.7624239386848355 -2.3286866882990152e-17 1.174074904155243 1.722256972632603e-17 1.2050938107497147 1.1270501352167804e-16 
1.1992781305849878e-17 0.7650883834878676 -2.1169467418685834e-17 1.1694443226480018 1.5688418572086194e-17 1.2070599474539236 1.136060295170897e-16 
1.2158353607372977e-17 0.7677495358751515 -2.15387350722789e-17 1.1648154835815765 1.5994310898720747e-17 1.209027634133065 1.134655914306167e-16 
1.0955395383326244e-17 0.7704073075094097 -1.947760941493776e-17 1.1601885707506163 1.449275300809237e-17 1.2109967753297672 1.1433971101999121e-16 
9.85268685737029e-18 0.7730616090845535 -1.758049905260983e-17 1.1555637699429633 1.3107207301188368e-17 1.2129672745622762 1.151429776904176e-16 
9.378347631381585e-18 0.7757123503071581 -1.679494172500568e-17 1.1509412689739231 1.254628270143406e-17 1.2149390343087116 1.1548169172348412e-16 
8.46025302116652e-18 0.778359439877694 -1.520610187551749e-17 1.146321257721054 1.138166937489113e-17 1.216911955991045 1.1615292924998873e-16 
7.631315634850796e-18 0.7810027854715235 -1.3766483691293604e-17 1.1417039281594696 1.032420298750769e-17 1.2188859399588 1.1676026194147127e-16 
7.674710612855356e-18 0.7836422937196529 -1.3895729563666923e-17 1.1370894743976707 1.0441292844720954e-17 1.2208608854724694 1.1671672510978128e-16 
8.084706629770123e-18 0.7862778701892513 -1.4692171728639304e-17 1.1324780927138838 1.1060947699727634e-17 1.222836690686658 1.1639802878504062e-16 
7.61605967678896e-18 0.7889094193639256 -1.389188180535626e-17 1.1278699815929267 1.047839781607149e-17 1.2248132526329407 1.1673879579936902e-16 
7.405766049330474e-18 0.7915368446237567 -1.35586465069403e-17 1.1232653417635858 1.0246408700280186e-17 1.2267904672024506 1.1688635588389067e-16 
6.590916620719049e-18 0.7941600482250997 -1.2111957706694576e-17 1.118664376236511 9.170337544883838e-18 1.2287682291281823 1.1749080102401479e-16 
6.209213767516583e-18 0.7967789312801442 -1.1453384954306216e-17 1.114067290342624 8.687895959526156e-18 1.230746431967025 1.1777011035673872e-16 
5.990820072123359e-18 0.7993933937362404 -1.1092226982765042e-17 1.109474291772031 8.429531718594185e-18 1.2327249680815215 1.1792683770821804e-16 
6.053386966931705e-18 0.8020033343549866 -1.1250520336698343e-17 1.104885590613453 8.565554024163025e-18 1.2347037286213534 1.1787101090212804e-16 
4.791948518567948e-18 0.8046086506910933 -8.939936899761431e-18 1.1003013993941395 6.8188271726656556e-18 1.2366826035045604 1.1882162442609798e-16 
4.6082732648672955e-18 0.8072092390710032 -8.630084993505134e-18 1.0957219331202988 6.594425171234046e-18 1.2386614813984913 1.1895491111608965e-16 
4.566042418568877e-18 0.8098049945712973 -8.583762444564217e-18 1.0911474093180047 6.570833993993777e-18 1.2406402497004914 1.189808161808731e-16 
3.4190136824731324e-18 0.8123958109968703 -6.452170062798606e-18 1.0865780480745864 4.947933628728252e-18 1.2426187945183365 1.198513315177976e-16 
2.7030734628674664e-18 0.8149815808588888 -5.1207822595362694e-18 1.0820140720804985 3.9339059532977454e-18 1.2445970006504057 1.2039490115758958e-16 
2.8674487393059604e-18 0.8175621953525295 -5.453230387296307e-18 1.077455706671657 4.196676483588007e-18 1.2465747515656067 1.2026517102834092e-16 
2.1378434298902835e-18 0.8201375443345104 -4.081501697154292e-18 1.072903179872227 3.1465165022285715e-18 1.2485519293830558 1.208219569038906e-16 
1.5464366227585455e-18 0.8227075163004188 -2.9639320588151216e-18 1.0683567224378498 2.2889225433154802e-18 1.2505284148515243 1.2127433343691783e-16 
3.4767970543526564e-19 0.8252719983618337 -6.689806672664089e-19 1.0638165678993163 5.175159017382086e-19 1.252504087328643 1.2219659777238843e-16 
-6.225341419732038e-19 0.8278308762232577 1.202545533256919e-18 1.0592829526066463 -9.318659134437127e-19 1.254478824759889 1.2294551204896865e-16 
2.8672233327749156e-20 0.8303840341588686 -5.560450353577552e-20 1.0547561157735719 4.316166010517113e-20 1.2564525036573526 1.224424965148547e-16 
-4.875021254275165e-20 0.8329313549890842 9.491633278308855e-20 1.0502362995224142 -7.380060738293138e-20 1.2584249990782945 1.2250246095504352e-16 
-9.85511613108798e-19 0.8354727200569704 1.92640684199465e-18 1.0457237489293174 -1.5003492722871004e-18 1.2603961846035052 1.232297205776291e-16 
-4.144611852984799e-19 0.8380080092044773 8.133879427665142e-19 1.0412187120698446 -6.345444498209299e-19 1.2623659323154712 1.227869548998339e-16 
-1.020350677776413e-19 0.8405371007485377 2.0104654989572394e-19 1.0367214400648883 -1.570997567987166e-19 1.264334112776367 1.225441505634568e-16 
-1.3295016852959858e-19 0.8430598714570228 2.630116531055271e-19 1.0322321871268991 -2.0585578669683593e-19 1.2663005950058712 1.2256839821568681e-16 
8.311654322589445e-20 0.8455761965245739 -1.6508896983551559e-19 1.0277512106063775 1.2942256470070234e-19 1.2682652464588415 1.2239973310394092e-16 
-2.547106410355242e-19 0.8480859495483216 5.079578026063541e-19 1.0232787710386395 -3.9885782099958576e-19 1.2702279330028319 1.2266402979458505e-16 
-5.293307801885302e-19 0.8505890025035088 1.0598955112789874e-18 1.0188151321907881 -8.335789903167566e-19 1.272188518895496 1.2287962370404304e-16 
-1.4566424937830893e-18 0.8530852257190283 2.9285291233791787e-18 1.0143605611088935 -2.3068598183818995e-18 1.2741468667618714 1.2360835601386674e-16 
-2.223511742691125e-18 0.855574487852895 4.488506825603183e-18 1.0099153281653268 -3.541247139954499e-18 1.2761028375715713 1.2421320628736283e-16 
-2.260887624160236e-18 0.8580566558676715 4.5826053846034225e-18 1.0054797071062198 -3.6211311746095714e-18 1.2780562906159016 1.2424537346506437e-16 
-2.8139266912282114e-18 0.8605315950058593 5.7269358982892084e-18 1.0010539750990168 -4.5323803372577504e-18 1.2800070834849167 1.246843846909614e-16 
-3.330302654444794e-18 0.8629991687652807 6.80572260588615e-18 0.9966384127800774 -5.394426681996013e-18 1.281955072044435 1.2509575454775886e-16 
-4.035378773142027e-18 0.8654592388744694 8.28057850703068e-18 0.9922333043022802 -6.5734531582997814e-18 1.2839001104130432 1.2565765560166563e-16 
-3.4188287749881746e-18 0.8679116652680999 7.0444045497507e-18 0.9878389373825883 -5.600591007754774e-18 1.2858420509391046 1.2517390652931088e-16 
-3.735217034524661e-18 0.8703563060624642 7.728193112683861e-18 0.9834556033495347 -6.153455481230582e-18 1.287780744177794 1.2542906999693884e-16 
-4.177215249778243e-18 0.8727930175310379 8.678580033738804e-18 0.9790835971905607 -6.920479157519959e-18 1.2897160388681945 1.2578479210940003e-16 
-3.888991779859362e-18 0.8752216540801538 8.113400746324147e-18 0.9747232175991664 -6.479353851897277e-18 1.2916477819104728 1.2556027542961726e-16 
-4.2203684944405685e-18 0.8776420682248113 8.841473066028412e-18 0.9703747670218112 -7.071142292400395e-18 1.2935758183431705 1.2582897230727645e-16 
-3.3618123614167108e-18 0.8800541105646499 7.072292634631492e-18 0.9660385517045127 -5.664430628946458e-18 1.2954999913206304 1.2514846615926663e-16 
-2.9078386570733267e-18 0.8824576297601335 6.1429017390595055e-18 0.9617148817390523 -4.927148235512421e-18 1.2974201420906073 1.2478940059282016e-16 
-3.112763963983012e-18 0.8848524725089522 6.60343399947041e-18 0.9574040711087634 -5.304114167899301e-18 1.2993361099720775 1.2495679230766107e-16 
-3.569390870177415e-18 0.8872384835227074 7.603996152709914e-18 0.9531064377337858 -6.116469685406914e-18 1.3012477323332996 1.2532642839255715e-16 
-4.054986640036601e-18 0.8896155055038898 8.67490909540442e-18 0.9488223035157541 -6.98770813058268e-18 1.303154844570149 1.2572032957721797e-16 
-4.393517732984335e-18 0.8919833791232125 9.438849496407955e-18 0.9445519943817967 -7.61368228887378e-18 1.305057280084784 1.2599705233628352e-16 
-4.0193389499320985e-18 0.8943419429973233 8.671530921045116e-18 0.9402958403278083 -7.004422298606292e-18 1.3069548702646614 1.257006879359828e-16 
-4.415342438668686e-18 0.8966910336669534 9.566281173442328e-18 0.936054175460868 -7.737765153036855e-18 1.3088474444619718 1.2602439474009538e-16 
-4.1100544094188594e-18 0.8990304855755328 8.942663715435595e-18 0.9318273380407456 -7.243194921687808e-18 1.3107348299735146 1.2578277828374878e-16 
-5.108224454184058e-18 0.90136013104834 1.1161760113457044e-17 0.9276156705203686 -9.052777566308088e-18 1.3126168520210844 1.2659418066852736e-16 
-6.3185109640081595e-18 0.9036798002722162 1.3865114893025327e-17 0.9234195195851799 -1.1260393323788764e-17 1.314493333732397 1.2757941617306587e-16 
-6.631336868323787e-18 0.9059893212759099 1.461363614368147e-17 0.9192392361912542 -1.1884046431655944e-17 1.3163640961226288 1.2783976759876631e-16 
-6.854184713033154e-18 0.9082885199111006 1.5169237228907356e-17 0.9150751756020873 -1.235210010024067e-17 1.3182289580766051 1.280277083027556e-16 
-7.729332784450237e-18 0.9105772198341603 1.7179193238014848e-17 0.9109276974239233 -1.4007024475882877e-17 1.3200877363317096 1.2874618248365016e-16 
-7.907539247002181e-18 0.9128552424887156 1.76504921212079e-17 0.9067971656395103 -1.4409903275660152e-17 1.3219402454615672 1.2889931638306065e-16 
-8.15559260739304e-18 0.9151224070890678 1.828215443355153e-17 0.902683948640159 -1.4944720989327193e-17 1.3237862978605663 1.2910967057057257e-16 
-9.404710840662401e-18 0.9173785306045401 2.1172647165658187e-17 0.8985884192559704 -1.7329533091790454e-17 1.3256257037292827 1.301371563198007e-16 
-9.673676686999212e-18 0.9196234277448146 2.1871592613050083e-17 0.8945109547841039 -1.7924145048082434e-17 1.3274582710608744 1.3036651611686212e-16 
-9.437792710751823e-18 0.9218569109463403 2.1429865477857366e-17 0.8904519370149313 -1.7584049910989377e-17 1.3292838056285214 1.3018345364633707e-16 
-9.322840275208248e-18 0.9240787903598668 2.1259754436996425e-17 0.8864117522559539 -1.746603043299641e-17 1.3311021109739722 1.3009886395122968e-16 
-9.725744228994755e-18 0.926288873839205 2.2273805418386884e-17 0.8823907913532941 -1.8321540341820867e-17 1.3329129883972939 1.3043854381619107e-16 
-9.88047401875354e-18 0.9284869669312621 2.2725386814079887e-17 0.8783894497106554 -1.8715676451366543e-17 1.3347162369478756 1.3057523237769038e-16 
-1.0797553445838553e-17 0.930672872867467 2.4941404020746617e-17 0.8744081273055286 -2.0565388392086543e-17 1.3365116534167973 1.3133868746067954e-16 
-1.1154791988966034e-17 0.9328463925566433 2.5877296170951143e-17 0.8704472287025217 -2.1362485499929527e-17 1.3382990323306283 1.3164320234302447e-16 
-1.1039020466701677e-17 0.9350073245794239 2.571872532708046e-17 0.8665071630636254 -2.125662364905951e-17 1.3400781659467438 1.315586557221401e-16 
-1.0963764159489577e-17 0.9371554651843109 2.5653073151959712e-17 0.8625883441552195 -2.1227130679732945e-17 1.3418488442502627 1.3150721061122116e-16 
-1.1112814570899547e-17 0.9392906082854547 2.611341408874349e-17 0.8586911903516524 -2.1633046891831438e-17 1.3436108549526857 1.31640745663348e-16 
-1.133444142726342e-17 0.9414125454622566 2.674843424996456e-17 0.8548161246352036 -2.2184499401180165e-17 1.3453639834923328 1.3183446874995299e-16 
-1.1317549497302102e-17 0.9435210659608966 2.682302759259066e-17 0.8509635745922123 -2.227159824650129e-17 1.3471080130366841 1.3183111662503513e-16 
-1.1609541675814952e-17 0.9456159566978818 2.763285915903957e-17 0.8471339724051896 -2.2969778917987693e-17 1.3488427244867216 1.3208355931014557e-16 
-1.1717668936041181e-17 0.9476970022657166 2.80094919049563e-17 0.8433277548407115 -2.3308735190826815e-17 1.350567896483365 1.321839379783234e-16 
-1.1752712741188821e-17 0.9497639849408104 2.821324133171267e-17 0.8395453632328546 -2.350412150650918e-17 1.352283305416128 1.3222373060846153e-16 
-1.1484403693943595e-17 0.9518166846937237 2.768671626683052e-17 0.8357872434619803 -2.3090595053564053e-17 1.353988725434089 1.3201131974262196e-16 
-1.117382112733815e-17 0.9538548792018644 2.705264990843533e-17 0.8320538459286423 -2.2586097023543274e-17 1.3556839284592863 1.3176315014093123e-16 
-1.0610321866364767e-17 0.955878343864747 2.579754533373182e-17 0.8283456255223871 -2.156117997565113e-17 1.3573686842026589 1.313036387602142e-16 
-1.1120600527326493e-17 0.9578868518219361 2.7152891744451767e-17 0.8246630415852123 -2.2717892825377445e-17 1.3590427601826447 1.3173849883111053e-16 
-1.1262749180446308e-17 0.9598801739737813 2.7616347022527295e-17 0.8210065578694649 -2.3129756175639038e-17 1.360705921746547 1.3186684015839367e-16 
-1.1382304442220074e-17 0.9618580790050679 2.8027320771905614e-17 0.8173766424899277 -2.349818462821116e-17 1.3623579320947974 1.3197644986771734e-16 
-1.1093547112934955e-17 0.9638203334117015 2.7431314740855375e-17 0.8137737678698651 -2.3021959536925806e-17 1.3639985523082265 1.3174460580771178e-16 
-1.1544338909018156e-17 0.9657667015305518 2.8665857165407765e-17 0.810198410680774 -2.4082332749783876e-17 1.365627541378467 1.3213144358079133e-16 
-1.2019429601365099e-17 0.967696945572572 2.997049320639101e-17 0.8066510517756026 -2.5203478189247542e-17 1.3672446562416183 1.325393042369488e-16 
-1.2465464457125773e-17 0.969610825659316 3.121237198557633e-17 0.8031321761152032 -2.6273705926748037e-17 1.368849651815274 1.3292346979844196e-16 
-1.3042927221570144e-17 0.9715080998629824 3.279407438409721e-17 0.7996422726877511 -2.763203687664101e-17 1.3704422810390595 1.3341863627080328e-16 
-1.3240581409666173e-17 0.973388524250108 3.3428945726699924e-17 0.7961818344208914 -2.81940940256486e-17 1.3720222949187937 1.335953403120903e-16 
-1.3403772762174198e-17 0.9752518529290269 3.398058981534939e-17 0.7927513580863781 -2.868661368107382e-17 1.3735894425743882 1.3374324477506061e-16 
-1.2995036065191097e-17 0.9770978381012213 3.307973925737883e-17 0.789351344196954 -2.795234916647325e-17 1.3751434712916177 1.3340958845979943e-16 
-1.2860844257002392e-17 0.9789262301166909 3.2872056755285e-17 0.7859822968952189 -2.780263237844877e-17 1.3766841265778833 1.333066182051585e-16 
-1.3439770186709185e-17 0.9807367775334425 3.449162859707633e-17 0.7826447238342809 -2.919916765912317e-17 1.3782111522220697 1.3380504473873871e-16 
-1.3650776523727494e-17 0.9825292271812406 3.5175063209673045e-17 0.7793391360499149 -2.9804668920697016e-17 1.3797242903586378 1.3399350858386293e-16 
-1.3618500518653264e-17 0.984303324229716 3.523329497898704e-17 0.7760660478240256 -2.988066219962018e-17 1.3812232815360515 1.3397651773497797e-16 
-1.3437403797182991e-17 0.9860588122609468 3.490407153080699e-17 0.7728259765391933 -2.962753182077219e-17 1.3827078647896531 1.3383344163460474e-16 
-1.3142135504775327e-17 0.9877954333466252 3.427309089512009e-17 0.7696194425240761 -2.911722267145834e-17 1.3841777777190918 1.3359329262254756e-16 
-1.3047070592600533e-17 0.9895129281299062 3.4159880587713516e-17 0.766446968889469 -2.9045921580986104e-17 1.3856327565704178 1.335222637742958e-16 
-1.270431541503737e-17 0.9912110359120418 3.3393313537308586e-17 0.7633090813548242 -2.841811755356106e-17 1.3870725363229268 1.3324087566364515e-16 
-1.2457056581072913e-17 0.9928894947438942 3.2871311830690653e-17 0.7602063080650355 -2.799720114339734e-17 1.3884968507808633 1.330399491068676e-16 
-1.2499457242393734e-17 0.9945480415223983 3.311113399185487e-17 0.7571391793973503 -2.822462777416811e-17 1.3899054326700444 1.3308466083637517e-16 
-1.2700642702611736e-17 0.9961864120920849 3.3773599813046606e-17 0.7541082277581895 -2.881262902451445e-17 1.3912980137395186 1.3326432904312748e-16 
-1.3114553563488133e-17 0.9978043413516969 3.5007482105429535e-17 0.7511139873698061 -2.988907919866192e-17 1.39267432486829 1.3362517818301408e-16 
-1.286153172213102e-17 0.999401563365992 3.4462137865453145e-17 0.7481569940465952 -2.9446571870537103e-17 1.3940340961772058 1.3341845029405881e-16 
-1.296135189315411e-17 1.0009778114827763 3.486004295050615e-17 0.745237784960976 -2.980959195889558e-17 1.3953770571460407 1.335119972150983e-16 
-1.3312630501180462e-17 1.002532818455202 3.5938091184713344e-17 0.7423568983987627 -3.075483539711923e-17 1.3967029367358283 1.3382003427827273e-16 
-1.4071192779464694e-17 1.0040663165693728 3.812593012595297e-17 0.7395148735039515 -3.265155096099707e-17 1.3980114635164687 1.3447605401670082e-16 
-1.4230499237981882e-17 1.0055780377772834 3.869834955083783e-17 0.7367122500128703 -3.316617870699577e-17 1.3993023657996393 1.346209836452622e-16 
-1.4421882191434113e-17 1.007067713835083 3.936052249662333e-17 0.7339495679776963 -3.3758109013376905e-17 1.4005753717770137 1.3479338922713098e-16 
-1.4510547291456e-17 1.0085350764466718 3.974409415532579e-17 0.7312273674793414 -3.41113367006922e-17 1.4018302096637796 1.3487801105805944e-16 
-1.4687262086872642e-17 1.0099798574126182 4.037033056412806e-17 0.728546188329724 -3.467303940785267e-17 1.403066607847451 1.350379679646582e-16 
-1.4941120585523386e-17 1.0114017887843414 4.121160117867406e-17 0.7259065697635271 -3.541988443592521e-17 1.4042842950419245 1.3526406882265114e-16 
-1.5323465543581127e-17 1.0128006030235244 4.241210486953544e-17 0.7233090501195292 -3.647624053935442e-17 1.4054830004467394 1.3560045347698554e-16 
-1.5379081001533675e-17 1.0141760331667034 4.271110736510079e-17 0.7207541665116065 -3.675768864604379e-17 1.4066624539114831 1.3565684752602326e-16 
-1.548822633323925e-17 1.0155278129949168 4.315889318122033e-17 0.7182424544896352 -3.71671520138913e-17 1.4078223861052412 1.3575909041621813e-16 
-1.541113108489316e-17 1.0168556772083506 4.308650650816821e-17 0.7157744476904319 -3.71284115910079e-17 1.4089625286910106 1.3570132775622996e-16 
-1.499930042434909e-17 1.0181593616058382 4.2072213277139857e-17 0.713350677479008 -3.62769699466649e-17 1.4100826145049468 1.3535563402827827e-16 
-1.5408742002665975e-17 1.019438603269082 4.3359872638585625e-17 0.7109716725803988 -3.741007985917927e-17 1.411182377740312 1.357156060734468e-16 
-1.5611848138274418e-17 1.0206931407514468 4.407069515233302e-17 0.7086379587023803 -3.804608197904141e-17 1.4122615541359658 1.358982909518592e-16 
-1.5633403870838445e-17 1.0219227142711318 4.426919729072065e-17 0.7063500581494425 -3.823978769039639e-17 1.4133198811692187 1.3592470240496597e-16 
-1.5979861535653048e-17 1.0231270659085436 4.538902099622124e-17 0.7041084894283874 -3.9229501487932493e-17 1.4143570982528622 1.3623085847912364e-16 
-1.6058125030029625e-17 1.0243059398076328 4.574872228520886e-17 0.70191376684602 -3.9562472904030564e-17 1.4153729469361402 1.3630600626859123e-16 
-1.6222380819708875e-17 1.0254590823809688 4.635334978286092e-17 0.699766400099381 -4.010720395046401e-17 1.4163671711094434 1.3645521313694503e-16 
-1.6098796981544654e-17 1.0265862425182768 4.61336550996825e-17 0.6976668938590729 -3.9938359174189e-17 1.4173395172124434 1.3635602149133265e-16 
-1.6323086462469585e-17 1.0276871717981773 4.690936851532265e-17 0.6956157473462048 -4.063098017613349e-17 1.4182897344454108 1.365568672103512e-16 
-1.6277916464021312e-17 1.0287616247028022 4.690977938132195e-17 0.6936134539035942 -4.0651886587041085e-17 1.4192175749833966 1.3652497848824975e-16 
-1.6306028638303743e-17 1.0298093588349693 4.7118765406485895e-17 0.6916605005618689 -4.0853102104026397e-17 1.4201227941929548 1.365561969632898e-16 
-1.6171027100005985e-17 1.0308301351375921 4.685303712770853e-17 0.6897573676011182 -4.0642171434137327e-17 1.4210051508510826 1.3644622517974382e-16 
-1.6395598856225368e-17 1.031823718114924 4.7627155601699136e-17 0.6879045281088829 -4.133291094730669e-17 1.4218644073659863 1.3664699220056443e-16 
-1.6455213114826205e-17 1.0327898760552783 4.79214924415031e-17 0.6861024475352056 -4.160715534659084e-17 1.422700329999309 1.3670499548508812e-16 
-1.648011213577306e-17 1.0337283812548148 4.811252699419046e-17 0.684351583245564 -4.1791342939782845e-17 1.423512689089414 1.3673279930522793e-16 
-1.662083832145893e-17 1.034639010241965 4.8639971580999724e-17 0.6826523840725309 -4.2267449975468026e-17 1.424301259275297 1.3686075398860546e-16 
-1.6818965346296927e-17 1.0355215440020669 4.933472772434822e-17 0.6810052898670234 -4.288882312017555e-17 1.4250658197207027 1.370383549770459e-16 
-1.7110071990228285e-17 1.0363757682017445 5.0302382724353374e-17 0.6794107310500725 -4.3747442713530164e-17 1.4258061543379759 1.3729649709373784e-16 
-1.7204978353314605e-17 1.0372014734125672 5.0692511300874104e-17 0.6778691281660325 -4.4103665049675086e-17 1.4265220520111934 1.373844942227222e-16 
-1.7295610329202762e-17 1.0379984553335093 5.1067869074953733e-17 0.6763808914381978 -4.444668659643202e-17 1.427213306818086 1.3746864204842939e-16 
-1.722308908492944e-17 1.038766515011706 5.095816732150188e-17 0.6749464203278269 -4.4367017388206085e-17 1.42787971825026 1.3741105559701228e-16 
-1.7464255887427968e-17 1.0395054590610069 5.177403656667806e-17 0.6735661030975681 -4.5092801450711683e-17 1.4285210914312179 1.376255347738769e-16 
-1.764338359107408e-17 1.0402150998778077 5.2404771805320855e-17 0.6722403163803302 -4.565714411351525e-17 1.429137237331655 1.3778607097669397e-16 
-1.7721200638068024e-17 1.0408952558536484 5.273227548793281e-17 0.6709694247546172 -4.595693729919567e-17 1.4297279729815275 1.3785848990314372e-16 
-1.7675023332538067e-17 1.041545751584036 5.268715501737053e-17 0.6697537803274042 -4.5931422339143026e-17 1.4302931216783528 1.3782299434196938e-16 
-1.7821766540603956e-17 1.0421664180729824 5.321369890609048e-17 0.6685937223255822 -4.640374997195646e-17 1.4308325131912283 1.3795494297945992e-16 
-1.7698274855755137e-17 1.0427570929327097 5.292949450448426e-17 0.6674895766970519 -4.616849822320536e-17 1.4313459839600313 1.3785180024070797e-16 
-1.7775321366826492e-17 1.0433176205780155 5.324075119176384e-17 0.6664416557224923 -4.6452000107855613e-17 1.4318333772892853 1.3792278011275867e-16 
-1.771167246698117e-17 1.043847852414764 5.312655000534763e-17 0.6654502576388661 -4.6363685941598e-17 1.432294543536163 1.378711919142941e-16 
-1.782212372081607e-17 1.044347647021974 5.35305744665658e-17 0.6645156662757097 -4.6727030510943435e-17 1.4327293402921095 1.3797083579819638e-16 
-1.7792530735296226e-17 1.0448168703270326 5.351004708664978e-17 0.6636381507051663 -4.67191975435741e-17 1.433137632557594 1.3794843093064077e-16 
-1.7868774753432088e-17 1.0452553957734994 5.380367987625313e-17 0.6628179649068139 -4.6985039538693285e-17 1.4335192929094798 1.3801791741563998e-16 
-1.791337294821113e-17 1.0456631044810385 5.3998079765193206e-17 0.6620553474482195 -4.71636390686681e-17 1.433874201660535 1.3805965810605916e-16 
-1.7865014429879422e-17 1.0460398853970165 5.390784024571131e-17 0.661350521182144 -4.7092970522303055e-17 1.4342022470106326 1.3802025018905298e-16 
-1.7902454124403364e-17 1.046385635439304 5.4071990722613576e-17 0.6607036929613163 -4.72438682944195e-17 1.4345033251891728 1.3805532458553e-16 
-1.7967075965636673e-17 1.0467002596298638 5.431400157887844e-17 0.6601150533716097 -4.746217060272408e-17 1.4347773405883195 1.3811386086816808e-16 
-1.794197108381761e-17 1.0469836712187144 5.428031000466959e-17 0.6595847764844442 -4.743889624486475e-17 1.4350242058866345 1.3809402649476323e-16 
-1.7968501589672327e-17 1.0472357917979074 5.439822982362243e-17 0.6591130196291378 -4.7547450301644196e-17 1.4352438421627478 1.381189470589577e-16 
-1.8022569317715837e-17 1.0474565514051435 5.4595034046557105e-17 0.6586999231859483 -4.77242988485681e-17 1.4354361789987011 1.3816764021986795e-16 
-1.7998735737610833e-17 1.0476458886167146 5.455123767231932e-17 0.658345610400438 -4.769015210180165e-17 1.4356011545726404 1.3814823496213192e-16 
-1.8029175475186684e-17 1.0478037506295022 5.466724054957539e-17 0.6580501872196989 -4.779502174488297e-17 1.4357387157405919 1.3817589556007562e-16 
-1.8023003130737376e-17 1.0479300933317297 5.4667538712620586e-17 0.6578137421510359 -4.7798048715669447e-17 1.4358488181070275 1.3817142579700673e-16 
-1.8029202986699383e-17 1.048024881362289 5.4700623459296984e-17 0.6576363461434735 -4.7829052503161523e-17 1.4359314260840306 1.3817751102455836e-16 
-1.8022393539251953e-17 1.048088088158423 5.468948625368002e-17 0.6575180524925192 -4.782069861498814e-17 1.435986512938851 1.3817203112141268e-16 
-1.8023884726426105e-17 1.048119695991621 5.4698775055450616e-17 0.6574588967684686 -4.782951308789857e-17 1.4360140608297034 1.381735581384244e-16 
-1.802388472642567e-17 1.0481196959916206 5.4698775055450486e-17 0.6574588967684697 -4.782951308789836e-17 1.4360140608297027 1.3817355813842482e-16 
-1.8024453229454863e-17 1.048088088158422 5.469573644452026e-17 0.6575180524925205 -4.7826163806068405e-17 1.4359865129388505 1.3817382623687899e-16 
-1.8034540130131536e-17 1.0480248813622899 5.4716816358864215e-17 0.6576363461434717 -4.78432112274064e-17 1.4359314260840317 1.3818216245775991e-16 
-1.8003112253507878e-17 1.0479300933317302 5.4607205521027824e-17 0.6578137421510349 -4.7745296956603336e-17 1.435848818107028 1.3815409123007876e-16 
-1.798107133266136e-17 1.0478037506295026 5.452138137068315e-17 0.6580501872196982 -4.766749852335627e-17 1.4357387157405923 1.3813397603038165e-16 
-1.80349752050109e-17 1.0476458886167146 5.4661073597915815e-17 0.6583456104004378 -4.7786173607846625e-17 1.4356011545726406 1.3817981294017205e-16 
-1.7996215796705545e-17 1.0474565514051428 5.451520240038114e-17 0.658699923185949 -4.765451394218962e-17 1.4354361789987011 1.3814467854958065e-16 
-1.8038399724098842e-17 1.0472357917979085 5.460984094556994e-17 0.6591130196291359 -4.773241163837681e-17 1.4352438421627485 1.3817984273598243e-16 
-1.7984979206937802e-17 1.0469836712187148 5.441042359389331e-17 0.6595847764844435 -4.7552610500703405e-17 1.4350242058866347 1.3813149109988955e-16 
-1.7968551233454852e-17 1.0467002596298633 5.4318461274966567e-17 0.6601150533716104 -4.7466067698321736e-17 1.4347773405883193 1.3811514581473806e-16 
-1.8058121692222383e-17 1.0463856354393035 5.454216398629294e-17 0.660703692961317 -4.765466884841432e-17 1.4345033251891723 1.3819089023033535e-16 
-1.8038267720415407e-17 1.046039885397016 5.443063359392094e-17 0.6613505211821445 -4.7549673881676416e-17 1.4342022470106324 1.3817110669953846e-16 
-1.7969893698452697e-17 1.0456631044810376 5.416845594109768e-17 0.6620553474482209 -4.73124510357179e-17 1.4338742016605344 1.381088637955799e-16 
-1.8017030410426216e-17 1.045255395773499 5.425008428958677e-17 0.6628179649068144 -4.7374870291105375e-17 1.4335192929094795 1.3814696126318514e-16 
-1.801806470273984e-17 1.044816870327033 5.418832795626295e-17 0.6636381507051654 -4.731139918911253e-17 1.4331376325575946 1.3814469934518333e-16 
-1.8070108048189562e-17 1.0443476470219737 5.427542079975235e-17 0.6645156662757102 -4.737720954755413e-17 1.432729340292109 1.38186594800727e-16 
-1.7985347099246852e-17 1.0438478524147643 5.394744306695288e-17 0.6654502576388656 -4.7080081568589596e-17 1.4322945435361634 1.3810924800493725e-16 
-1.786424913156918e-17 1.043317620578016 5.350710817669379e-17 0.6664416557224917 -4.668439379913629e-17 1.4318333772892855 1.3800011510284064e-16 
-1.7695133662753686e-17 1.0427570929327088 5.292010026951958e-17 0.6674895766970531 -4.616030396914485e-17 1.431345983960031 1.3784906924496307e-16 
-1.7728926697303025e-17 1.0421664180729822 5.2936490052446524e-17 0.6685937223255829 -4.616201653492535e-17 1.430832513191228 1.378742487565249e-16 
-1.7564539027165932e-17 1.0415457515840365 5.235781436481065e-17 0.6697537803274036 -4.5644310905613725e-17 1.430293121678353 1.3772699148702127e-16 
-1.7645215358835526e-17 1.0408952558536484 5.250616909850925e-17 0.6709694247546168 -4.5759882325444556e-17 1.4297279729815278 1.3779248405039736e-16 
-1.7675916127636e-17 1.040215099877808 5.250140067165714e-17 0.6722403163803299 -4.5741331066799405e-17 1.4291372373316553 1.3781432200418593e-16 
-1.7790742494772614e-17 1.0395054590610067 5.274192948213583e-17 0.6735661030975685 -4.593579160478398e-17 1.4285210914312179 1.37908960308827e-16 
-1.7855261524869115e-17 1.0387665150117058 5.282858376141205e-17 0.6749464203278275 -4.5995506069698836e-17 1.4278797182502598 1.3795966140963556e-16 
-1.781645603532302e-17 1.0379984553335095 5.2605743704534644e-17 0.6763808914381977 -4.5785168756031287e-17 1.427213306818086 1.379204763059879e-16 
-1.7608185318472726e-17 1.037201473412567 5.188051475069701e-17 0.6778691281660327 -4.5137255709997057e-17 1.4265220520111932 1.377341472664115e-16 
-1.7566486514349455e-17 1.036375768201744 5.1644208643401676e-17 0.6794107310500729 -4.491441432294205e-17 1.425806154337976 1.3769213872420307e-16 
-1.756513322710623e-17 1.035521544002067 5.1523446737583233e-17 0.6810052898670234 -4.4791571689963927e-17 1.4250658197207027 1.3768491129088245e-16 
-1.7689717311944314e-17 1.0346390102419645 5.176798731132747e-17 0.682652384072532 -4.4985651571946017e-17 1.4243012592752966 1.3778655934363257e-16 
-1.750082125129096e-17 1.0337283812548146 5.1092415387483865e-17 0.6843515832455648 -4.437972367026163e-17 1.4235126890894136 1.3761650685546693e-16 
-1.7618917214857574e-17 1.0327898760552785 5.1310475424867975e-17 0.6861024475352051 -4.4549591699714463e-17 1.4227003299993095 1.3771206318450412e-16 
-1.7465187460296545e-17 1.0318237181149241 5.073417616999952e-17 0.6879045281088826 -4.402931813011215e-17 1.4218644073659863 1.375721941241615e-16 
-1.7632991536149818e-17 1.0308301351375924 5.108885180926387e-17 0.689757367601118 -4.431648407222235e-17 1.4210051508510826 1.3771024643290031e-16 
-1.7424414430299102e-17 1.029809358834969 5.035051232266637e-17 0.6916605005618691 -4.365510435519154e-17 1.4201227941929548 1.3752269547769538e-16 
-1.7336664837556898e-17 1.028761624702801 4.9960885629022984e-17 0.693613453903596 -4.329596692129956e-17 1.419217574983396 1.3743948854112232e-16 
-1.7275206468168695e-17 1.0276871717981775 4.964557580803307e-17 0.6956157473462048 -4.3000971241598126e-17 1.4182897344454108 1.3737885963678742e-16 
-1.6977759152304678e-17 1.026586242518277 4.8652460553159374e-17 0.6976668938590723 -4.211891384026754e-17 1.4173395172124437 1.3711446100460468e-16 
-1.6987305530062924e-17 1.0254590823809684 4.853902296182624e-17 0.6997664000993814 -4.1998356162083417e-17 1.4163671711094432 1.3711490080496627e-16 
-1.6841367699945434e-17 1.0243059398076333 4.7980137928124217e-17 0.7019137668460191 -4.14921512972348e-17 1.4153729469361405 1.3698112353092993e-16 
-1.6688372892179315e-17 1.0231270659085436 4.740146877404913e-17 0.7041084894283872 -4.096884993303896e-17 1.4143570982528622 1.3684122007875743e-16 
-1.632438644991873e-17 1.0219227142711318 4.6225856529520285e-17 0.7063500581494423 -3.9929952374946385e-17 1.413319881169219 1.3651962345553348e-16 
-1.644812978604747e-17 1.0206931407514463 4.643143510022788e-17 0.7086379587023812 -4.008410078673995e-17 1.4122615541359653 1.3661789072468332e-16 
-1.6661001712298484e-17 1.0194386032690825 4.688370485737926e-17 0.7109716725803982 -4.045037579856588e-17 1.4111823777403123 1.3679250131518589e-16 
-1.6772694795065845e-17 1.0181593616058384 4.704648701514463e-17 0.7133506774790075 -4.056606160227638e-17 1.4100826145049472 1.368797548080059e-16 
-1.648568853843694e-17 1.0168556772083506 4.609075885411756e-17 0.7157744476904321 -3.9717229452175416e-17 1.4089625286910104 1.3662426706027363e-16 
-1.6697025412189528e-17 1.0155278129949168 4.652728599802808e-17 0.7182424544896349 -4.006791147820655e-17 1.4078223861052412 1.3679667024128125e-16 
-1.6534540440162867e-17 1.0141760331667036 4.592007363131566e-17 0.7207541665116064 -3.9519363305539197e-17 1.4066624539114831 1.3664800002602743e-16 
-1.6605123748872804e-17 1.0128006030235246 4.5959463138794345e-17 0.7233090501195294 -3.952712174194464e-17 1.4054830004467391 1.3669913261853016e-16 
-1.645073213711933e-17 1.0114017887843405 4.537551303809337e-17 0.7259065697635286 -3.8998616459041245e-17 1.4042842950419239 1.3655728543502993e-16 
-1.601240388776914e-17 1.0099798574126186 4.4012698503783274e-17 0.7285461883297234 -3.7801375622710995e-17 1.4030666078474512 1.3617237882157063e-16 
-1.5916729859161595e-17 1.0085350764466714 4.359559963254405e-17 0.7312273674793425 -3.741698507261137e-17 1.4018302096637794 1.360809574053131e-16 
-1.5624661403799555e-17 1.0070677138350828 4.264317434597119e-17 0.7339495679776968 -3.6573521816719655e-17 1.4005753717770135 1.3582159865773225e-16 
-1.5365835452496536e-17 1.0055780377772834 4.178577726171919e-17 0.7367122500128706 -3.581223933729486e-17 1.399302365799639 1.3559083660889367e-16 
-1.5322931194077642e-17 1.0040663165693728 4.151751832173931e-17 0.7395148735039516 -3.5556151962141983e-17 1.3980114635164687 1.3554455606989048e-16 
-1.539741192314186e-17 1.0025328184552025 4.15660596644221e-17 0.7423568983987616 -3.5571096876450275e-17 1.396702936735829 1.3559830280415098e-16 
-1.562712695667124e-17 1.0009778114827772 4.202974515261064e-17 0.7452377849609746 -3.594056252066382e-17 1.3953770571460413 1.357841107431344e-16 
-1.5638421363762205e-17 0.9994015633659914 4.1902741032678207e-17 0.7481569940465962 -3.5804281214607654e-17 1.3940340961772053 1.3578344166214108e-16 
-1.5540923175613737e-17 0.9978043413516966 4.1484339313450434e-17 0.7511139873698065 -3.5418962709448456e-17 1.3926743248682898 1.3569002116247575e-16 
-1.5515049182826804e-17 0.9961864120920848 4.125768076861013e-17 0.7541082277581895 -3.5197380704990774e-17 1.3912980137395188 1.3565748372062647e-16 
-1.5659754508613913e-17 0.9945480415223986 4.1482779592675076e-17 0.7571391793973498 -3.536079475046451e-17 1.3899054326700446 1.357697611589835e-16 
-1.5286285279733126e-17 0.9928894947438944 4.033699669683265e-17 0.7602063080650354 -3.43558850300394e-17 1.388496850780863 1.3544178897166292e-16 
-1.5098962220315634e-17 0.9912110359120422 3.968764652317839e-17 0.763309081354824 -3.3774671778521666e-17 1.3870725363229268 1.3527208961576646e-16 
-1.5376909861467035e-17 0.9895129281299055 4.025987296900653e-17 0.7664469688894704 -3.423270494507593e-17 1.3856327565704172 1.354968367569402e-16 
-1.4786073415221977e-17 0.9877954333466256 3.8560281010470087e-17 0.7696194425240752 -3.2759469867823543e-17 1.3841777777190922 1.3498536077725493e-16 
-1.462894908605336e-17 0.9860588122609469 3.7999147233127524e-17 0.772825976539193 -3.2254716840641984e-17 1.3827078647896531 1.348415526262862e-16 
-1.4360825742728193e-17 0.9843033242297166 3.715381211333257e-17 0.7760660478240243 -3.150941488296089e-17 1.3812232815360521 1.3460401175149717e-16 
-1.3728409148426927e-17 0.9825292271812407 3.537510549123727e-17 0.7793391360499144 -2.997416951083453e-17 1.379724290358638 1.3405907358873536e-16 
-1.4257598206190644e-17 0.9807367775334426 3.6590490401434574e-17 0.7826447238342806 -3.097597612574283e-17 1.3782111522220697 1.3449512112958231e-16 
-1.421613402399024e-17 0.9789262301166914 3.633614987778896e-17 0.7859822968952171 -3.073250404199183e-17 1.3766841265778844 1.344491534637844e-16 
-1.3886433271876635e-17 0.9770978381012219 3.534885086460894e-17 0.7893513441969525 -2.9869746382016466e-17 1.3751434712916186 1.3416035674205315e-16 
-1.446102210643702e-17 0.9752518529290265 3.666087669706383e-17 0.7927513580863789 -3.094932762300374e-17 1.3735894425743878 1.3463286410197535e-16 
-1.3730442250299379e-17 0.973388524250108 3.466571403380837e-17 0.7961818344208914 -2.9237188899882305e-17 1.3720222949187937 1.3400714055638116e-16 
-1.3566648307167928e-17 0.9715080998629828 3.411087604570614e-17 0.7996422726877502 -2.8741563910294485e-17 1.37044228103906 1.3385847755926036e-16 
-1.3581841936549328e-17 0.9696108256593173 3.4007678111869764e-17 0.8031321761152009 -2.8626716815231986e-17 1.3688496518152748 1.3386013425473716e-16 
-1.3093594729505819e-17 0.9676969455725728 3.264892801928971e-17 0.8066510517756008 -2.7455889349895726e-17 1.3672446562416192 1.334396639449342e-16 
-1.3209296086809822e-17 0.9657667015305522 3.2800128085660505e-17 0.8101984106807728 -2.7555554827350953e-17 1.365627541378468 1.3352561155166073e-16 
-1.3293993157394798e-17 0.9638203334117011 3.2872417338730805e-17 0.8137737678698658 -2.7588450243912797e-17 1.363998552308226 1.3358531338448564e-16 
-1.3479998053201263e-17 0.9618580790050674 3.319259569620608e-17 0.8173766424899286 -2.782876566428185e-17 1.3623579320947972 1.3372941467030043e-16 
-1.2723081269067622e-17 0.9598801739737818 3.1197092458776095e-17 0.8210065578694642 -2.612876863734904e-17 1.3607059217465471 1.330859276197404e-16 
-1.3096684911109662e-17 0.9578868518219366 3.197784748482878e-17 0.8246630415852115 -2.6754767734639045e-17 1.359042760182645 1.3338641781656898e-16 
-1.2999274322439575e-17 0.9558783438647466 3.160595624359175e-17 0.8283456255223877 -2.641575785815494e-17 1.3573686842026589 1.3329376240669746e-16 
-1.253752382763654e-17 0.953854879201864 3.035427531570832e-17 0.8320538459286431 -2.5342604501977312e-17 1.355683928459286 1.3289797669771867e-16 
-1.1791146758571931e-17 0.9518166846937245 2.84262155411081e-17 0.8357872434619786 -2.3707334074551253e-17 1.3539887254340899 1.3226630603844977e-16 
-1.1505517347074607e-17 0.9497639849408107 2.7619830817577765e-17 0.8395453632328539 -2.300975814487057e-17 1.3522833054161283 1.3201846800777197e-16 
-1.1143015980961386e-17 0.9476970022657168 2.6635862270827198e-17 0.843327754840711 -2.216563807571875e-17 1.3505678964833654 1.3170729024250639e-16 
-1.1148166745092104e-17 0.9456159566978819 2.653470138191227e-17 0.8471339724051894 -2.2056936666937854e-17 1.3488427244867218 1.3170129531225342e-16 
-1.0585558464860021e-17 0.943521065960897 2.508818069261435e-17 0.8509635745922114 -2.0831126508473713e-17 1.3471080130366846 1.312253187286344e-16 
-9.475723615520449e-18 0.9414125454622563 2.236199919750079e-17 0.8548161246352044 -1.8546497083536915e-17 1.3453639834923323 1.3029793132884977e-16 
-9.575675029854856e-18 0.9392906082854543 2.2501371334732787e-17 0.8586911903516532 -1.864073458799936e-17 1.3436108549526855 1.3037149983877045e-16 
-9.475385633572175e-18 0.937155465184311 2.217055723427472e-17 0.862588344155219 -1.8345455644502306e-17 1.341848844250263 1.3027964785879276e-16 
-9.446385257787144e-18 0.9350073245794235 2.2008201589230027e-17 0.866507163063626 -1.818986176124015e-17 1.3400781659467436 1.3024663840107613e-16 
-8.678243084292858e-18 0.9328463925566435 2.013210705837394e-17 0.8704472287025209 -1.6619659267196736e-17 1.3382990323306285 1.2960541807158486e-16 
-8.288173256043294e-18 0.930672872867467 1.914495527249275e-17 0.8744081273055287 -1.5785937335381564e-17 1.3365116534167973 1.2927634446311258e-16 
-7.869605736166144e-18 0.9284869669312618 1.8100329406183518e-17 0.8783894497106556 -1.4906672946900075e-17 1.3347162369478756 1.2892457749300953e-16 
-8.302160183897929e-18 0.9262888738392052 1.9013526999519493e-17 0.8823907913532937 -1.5639765878282698e-17 1.332912988397294 1.2927138733329128e-16 
-8.472999459096284e-18 0.9240787903598675 1.9321782045779947e-17 0.8864117522559529 -1.5873881997622672e-17 1.3311021109739727 1.2940295573008646e-16 
-8.067594485817388e-18 0.9218569109463404 1.831863337748544e-17 0.8904519370149315 -1.5031161252208972e-17 1.3292838056285212 1.2906282614477483e-16 
-8.079183282583188e-18 0.9196234277448153 1.826654033624056e-17 0.8945109547841027 -1.4969742912917482e-17 1.3274582710608749 1.290640717500783e-16 
-8.16649610591526e-18 0.9173785306045397 1.838507781469246e-17 0.898588419255971 -1.504794425997087e-17 1.3256257037292825 1.2912700582206498e-16 
-7.324876270011082e-18 0.9151224070890679 1.6419961812904362e-17 0.9026839486401591 -1.3422474295421035e-17 1.3237862978605661 1.2843282186499215e-16 
-7.108577455799378e-18 0.9128552424887152 1.5867122053696945e-17 0.9067971656395111 -1.2953955758669253e-17 1.3219402454615667 1.2824917371314954e-16 
-7.55259608997986e-18 0.9105772198341598 1.6786378759556855e-17 0.9109276974239237 -1.3686743893552117e-17 1.3200877363317094 1.286025514573642e-16 
-7.179656717836438e-18 0.9082885199111005 1.588955076858151e-17 0.9150751756020874 -1.2938641454387272e-17 1.3182289580766051 1.2829186955285736e-16 
-7.480197701129993e-18 0.9059893212759107 1.6484291125258827e-17 0.9192392361912534 -1.3405293466965824e-17 1.316364096122629 1.2852781911816098e-16 
-6.904155501253989e-18 0.9036798002722167 1.5150232358459463e-17 0.9234195195851789 -1.2304086667818502e-17 1.3144933337323974 1.280534863086096e-16 
-7.361974370434643e-18 0.9013601310483403 1.608633148782382e-17 0.927615670520368 -1.3046865309494854e-17 1.3126168520210848 1.2841611744156664e-16 
-6.321965629992691e-18 0.8990304855755331 1.3755344094717396e-17 0.9318273380407449 -1.1141270840918778e-17 1.310734829973515 1.2756848189793196e-16 
-5.795067533790892e-18 0.8966910336669529 1.2555593641349173e-17 0.9360541754608688 -1.0155695112060143e-17 1.3088474444619713 1.2713674965803114e-16 
-4.706954390459379e-18 0.8943419429973232 1.0155028239534023e-17 0.9402958403278086 -8.202716093803245e-18 1.3069548702646612 1.2625429366787053e-16 
-4.54017447488271e-18 0.8919833791232125 9.753920698698114e-18 0.9445519943817967 -7.867828944514979e-18 1.3050572800847837 1.2611496382816866e-16 
-4.600832227490774e-18 0.8896155055038901 9.842646814818718e-18 0.9488223035157534 -7.928330132104557e-18 1.3031548445701495 1.2615857565798567e-16 
-4.013238541458631e-18 0.8872384835227077 8.549540114568857e-18 0.9531064377337859 -6.8770422662950655e-18 1.3012477323332994 1.2568228193840596e-16 
-3.3297454248937494e-18 0.884852472508953 7.063739622643714e-18 0.9574040711087619 -5.673848093858579e-18 1.2993361099720782 1.2513051000486762e-16 
-3.668108840338928e-18 0.8824576297601335 7.748996705701875e-18 0.9617148817390523 -6.215377856807092e-18 1.2974201420906073 1.2539721141879788e-16 
-3.5557798429432886e-18 0.8800541105646502 7.480344793253325e-18 0.966038551704512 -5.991252957279713e-18 1.2954999913206307 1.2530331336751084e-16 
-3.3441453513886938e-18 0.877642068224811 7.00582688268473e-18 0.9703747670218112 -5.603048088641672e-18 1.2935758183431707 1.2513048570398067e-16 
-2.4934672850225754e-18 0.8752216540801541 5.201990766863667e-18 0.9747232175991661 -4.154304707318071e-18 1.291647781910473 1.2444945298213944e-16 
-1.70994600782751e-18 0.8727930175310382 3.552582856028768e-18 0.97908359719056 -2.832903022721618e-18 1.2897160388681947 1.2382377018261368e-16 
-1.795787094333051e-18 0.8703563060624637 3.7154974733721886e-18 0.9834556033495355 -2.9584079952010378e-18 1.2877807441777938 1.2388987513177022e-16 
-1.7611900010943344e-18 0.8679116652680994 3.628884531290247e-18 0.9878389373825891 -2.885112280333716e-18 1.2858420509391044 1.2386032243980022e-16 
-1.2816591150939366e-18 0.86545923887447 2.629958553685884e-18 0.9922333043022795 -2.0877658905408338e-18 1.2839001104130436 1.2347878704655268e-16 
-2.0806354603132236e-18 0.8629991687652804 4.251934210232131e-18 0.9966384127800779 -3.3702148444795095e-18 1.2819550720444348 1.2410846660568122e-16 
-2.4834262648820683e-18 0.8605315950058597 5.0542976373343694e-18 1.0010539750990164 -4.000044637647513e-18 1.2800070834849167 1.2442367662873913e-16 
-1.6166433624936634e-18 0.8580566558676719 3.2767831973504716e-18 1.005479707106219 -2.5892829062324337e-18 1.2780562906159023 1.2373796142506375e-16 
-7.352643459900921e-19 0.8555744878528947 1.4842462813375899e-18 1.0099153281653277 -1.1710092248926315e-18 1.2761028375715708 1.2304287749072871e-16 
-9.191921550277316e-19 0.8530852257190283 1.8480038907757767e-18 1.0143605611088933 -1.455708903766989e-18 1.2741468667618714 1.2318637937270187e-16 
-1.3643856321086537e-19 0.8505890025035091 2.7319518555319337e-19 1.018815132190788 -2.1486058249083664e-19 1.2721885188954962 1.2257163446290333e-16 
9.035147502927781e-19 0.8480859495483222 -1.801838216555476e-18 1.0232787710386384 1.414836549732095e-18 1.2702279330028325 1.2175754197899361e-16 
1.436229592285539e-18 0.8455761965245739 -2.852689183587704e-18 1.0277512106063775 2.2363841194345333e-18 1.2682652464588415 1.2134241799229271e-16 
2.1324632744583614e-18 0.8430598714570231 -4.218593306088864e-18 1.0322321871268982 3.3018378977695816e-18 1.2663005950058717 1.2080108316931916e-16 
3.3598351621377557e-18 0.8405371007485379 -6.620108971158745e-18 1.0367214400648885 5.173018437220117e-18 1.2643341127763665 1.198478513503128e-16 
2.8669944952555596e-18 0.8380080092044767 -5.626531113497935e-18 1.041218712069845 4.38939883676092e-18 1.2623659323154712 1.202353743946748e-16 
2.5662252765803796e-18 0.8354727200569702 -5.01627161481083e-18 1.0457237489293179 3.906838006805944e-18 1.2603961846035052 1.2047255048610624e-16 
2.2306716818645782e-18 0.8329313549890848 -4.3431026172358046e-18 1.0502362995224135 3.3769068155149347e-18 1.2584249990782947 1.207359264933641e-16 
2.1052912526021616e-18 0.8303840341588685 -4.082823739638996e-18 1.0547561157735719 3.1691938478758276e-18 1.2564525036573526 1.208358386177297e-16 
3.576392762322819e-18 0.8278308762232581 -6.908496822152955e-18 1.0592829526066456 5.353471052578448e-18 1.2544788247598893 1.1970235019043467e-16 
4.264207371910944e-18 0.8252719983618342 -8.204885843001628e-18 1.0638165678993154 6.3472071817123786e-18 1.2525040873286435 1.1917671737391572e-16 
4.0851338542231195e-18 0.8227075163004192 -7.829651093935401e-18 1.0683567224378492 6.0465167687979006e-18 1.2505284148515246 1.193202091855612e-16 
4.2175272232085e-18 0.8201375443345109 -8.051966892731972e-18 1.072903179872226 6.2074326028194156e-18 1.2485519293830563 1.192239238698525e-16 
4.353906954649042e-18 0.8175621953525292 -8.280133270768883e-18 1.0774557066716577 6.372193747647466e-18 1.2465747515656063 1.1912496649422569e-16 
3.9235654077292575e-18 0.8149815808588893 -7.432918272489849e-18 1.0820140720804972 5.710143482095935e-18 1.2445970006504063 1.1946035448860532e-16 
3.5306032463964794e-18 0.8123958109968712 -6.662755603114661e-18 1.0865780480745848 5.109423990345043e-18 1.2426187945183371 1.1976603720923893e-16 
2.822520061774378e-18 0.8098049945712975 -5.306092121868757e-18 1.0911474093180042 4.061791168477236e-18 1.2406402497004914 1.2031111356998924e-16 
2.523532339368224e-18 0.8072092390710031 -4.7259130092481124e-18 1.0957219331202992 3.611167181864648e-18 1.2386614813984909 1.205426986089364e-16 
2.7925064543930517e-18 0.8046086506910932 -5.209745346327725e-18 1.1003013993941395 3.973669336654412e-18 1.2366826035045604 1.2034169050316035e-16 
3.7597867280556936e-18 0.8020033343549873 -6.987750374577335e-18 1.104885590613452 5.320105341756299e-18 1.2347037286213538 1.1961153078003938e-16 
3.944877428444236e-18 0.7993933937362403 -7.304087809130311e-18 1.1094742917720313 5.550737463101637e-18 1.2327249680815215 1.194765695928064e-16 
3.605954788512254e-18 0.7967789312801445 -6.6514682642619805e-18 1.1140672903426236 5.045431065885178e-18 1.230746431967025 1.1973834350379982e-16 
3.385211885775082e-18 0.7941600482250998 -6.220916687037934e-18 1.118664376236511 4.710048304346916e-18 1.2287682291281823 1.1991000733909662e-16 
2.0356611481305667e-18 0.7915368446237568 -3.726935165324344e-18 1.1232653417635856 2.8164832591374087e-18 1.2267904672024506 1.209313371888602e-16 
2.683892960598954e-18 0.788909419363926 -4.895487347675895e-18 1.127869981592926 3.692578489453758e-18 1.224813252632941 1.2044688321636282e-16 
2.1545831996901182e-18 0.7862778701892513 -3.9154799083151276e-18 1.1324780927138838 2.9477547148993343e-18 1.222836690686658 1.2084791072310036e-16 
2.9198570673651067e-18 0.7836422937196522 -5.2866546009832235e-18 1.1370894743976714 3.972408113215361e-18 1.2208608854724694 1.2027786046228272e-16 
3.4243315128660386e-18 0.7810027854715235 -6.1773102019485835e-18 1.1417039281594696 4.632686593894233e-18 1.2188859399588001 1.199049878297688e-16 
3.71657227322515e-18 0.7783594398776945 -6.6800102163607476e-18 1.1463212577210529 4.9999446489257844e-18 1.2169119559910455 1.1969194044022745e-16 
3.2793654651808405e-18 0.775712350307158 -5.872756486271949e-18 1.1509412689739236 4.387110376438264e-18 1.2149390343087114 1.2002290965645134e-16 
2.715076943969577e-18 0.7730616090845533 -4.844608210146624e-18 1.1555637699429635 3.611915902580944e-18 1.2129672745622762 1.2044705922023567e-16 
2.7942042194487418e-18 0.77040730750941 -4.967818732934515e-18 1.1601885707506154 3.696417170691274e-18 1.2109967753297677 1.2039238388394714e-16 
3.867093017330432e-18 0.7677495358751518 -6.850622599891237e-18 1.1648154835815763 5.0871598236743625e-18 1.209027634133065 1.1960242459933059e-16 
4.159667867049012e-18 0.7650883834878675 -7.342579768472646e-18 1.1694443226480018 5.441490923151483e-18 1.2070599474539236 1.1939207794987377e-16 
4.516014620866885e-18 0.7624239386848355 -7.943222558765207e-18 1.174074904155243 5.874671979594952e-18 1.2050938107497147 1.1913562742137537e-16 
5.8606197878348724e-18 0.7597562888528163 -1.0271718429025379e-17 1.1787070462680878 7.581259699455763e-18 1.203129318468889 1.1815326094807432e-16 
6.686884663832306e-18 0.757085520446109 -1.1678534909189793e-17 1.18334056907752 8.601846569845146e-18 1.201166564066164 1.1755553814743264e-16 
7.935698016380416e-18 0.754411719004367 -1.3810883157201103e-17 1.1879752945679964 1.0151342616647905e-17 1.1992056400174296 1.1665080638115326e-16 
8.068946305453957e-18 0.7517349691701887 -1.399367411258987e-17 1.192611046585222 1.0264223585458862e-17 1.1972466378343825 1.1656552791800448e-16 
7.713343348220549e-18 0.7490553547064688 -1.3330395630458764e-17 1.1972476508044454 9.757156433240137e-18 1.1952896480788788 1.1683736388704905e-16 
7.108421843948174e-18 0.7463729585135241 -1.2242379910114422e-17 1.201884934699249 8.941811100017322e-18 1.1933347603770197 1.1728966931072067e-16 
7.08785535730853e-18 0.7436878626459897 -1.2164846582943999e-17 1.2065227275108448 8.866233657781738e-18 1.1913820634329584 1.1731564549089579e-16 
7.533469940141372e-18 0.7410001483294861 -1.2885249432316899e-17 1.2111608602178692 9.371124590958498e-18 1.1894316450424378 1.1700367767714018e-16 
6.797266173158005e-18 0.7383098959770669 -1.158630299029581e-17 1.2157991655066651 8.408209347221141e-18 1.1874835921060611 1.175480069222047e-16 
7.77779991439643e-18 0.7356171852054396 -1.3212562732993218e-17 1.2204374777420617 9.567507597501158e-18 1.1855379906422918 1.1685100921791056e-16 
7.728651358900252e-18 0.7329220948509737 -1.3084603344137364e-17 1.2250756329386312 9.454068785848493e-18 1.183594925800188 1.1689871677860075e-16 
7.353877694542256e-18 0.7302247029854816 -1.2408139176012749e-17 1.229713468732438 8.945499110499216e-18 1.1816544818718735 1.171803157804083e-16 
8.807246133718607e-18 0.7275250869317922 -1.4810531847058032e-17 1.234350824353254 1.0653726390026107e-17 1.179716742304747 1.1615002777611152e-16 
9.485455840671181e-18 0.7248233232791116 -1.5897756922332462e-17 1.2389875405972508 1.1410190547788199e-17 1.1777817897134308 1.1567899540053244e-16 
9.73438630545531e-18 0.722119487898171 -1.6260736180350794e-17 1.2436234598001603 1.1644385141594712e-17 1.1758497058914619 1.1551662331474163e-16 
1.0870014503769043e-17 0.7194136559561699 -1.809766663696338e-17 1.2482584258108955 1.293038224552037e-17 1.1739205718227277 1.1472367548677771e-16 
1.0933176228619533e-17 0.7167059019315132 -1.8142891039519385e-17 1.252892283965632 1.2933044088396365e-17 1.171994467692648 1.1469650444418649e-16 
1.0817869268343919e-17 0.7139962996283502 -1.7892721451914233e-17 1.2575248810623358 1.2725333495506903e-17 1.1700714728991068 1.147961359210609e-16 
1.0672424269303058e-17 0.7112849221909111 -1.7594588828418117e-17 1.2621560653357478 1.2484276378617596e-17 1.1681516660631341 1.1491678670420399e-16 
1.2446934919997172e-17 0.7085718421176503 -2.045345413627813e-17 1.2667856864327995 1.4478891819976612e-17 1.1662351250393432 1.1368235513662235e-16 
1.2873206219679469e-17 0.7058571312751932 -2.1085601681835092e-17 1.2714135953884773 1.4891277359894986e-17 1.1643219269261225 1.1340295041910912e-16 
1.2773428929333524e-17 0.7031408609121003 -2.0854924264658586e-17 1.2760396446021058 1.4693481163926157e-17 1.162412148075587 1.1349448267940763e-16 
1.250597623329674e-17 0.700423101672433 -2.035295073091729e-17 1.2806636878140691 1.4305610077249546e-17 1.1605058641032908 1.1370324954039944e-16 
1.2379737801944049e-17 0.6977039236091467 -2.0083374806072398e-17 1.2852855800829446 1.4082227512725974e-17 1.1586031498977016 1.1381252030164696e-16 
1.162155090288194e-17 0.6949833961972935 -1.8793669880525097e-17 1.289905177763056 1.3146029810286695e-17 1.1567040796294437 1.1436205900539645e-16 
1.1359099082865964e-17 0.6922615883470518 -1.8311353028836582e-17 1.2945223384824327 1.277745783472718e-17 1.1548087267603087 1.1456433010005866e-16 
1.0205488140734152e-17 0.6895385684165762 -1.6400086786372724e-17 1.2991369211211825 1.1415732071554528e-17 1.1529171640520344 1.1538408390070364e-16 
1.0022479042768274e-17 0.6868144042246815 -1.605573159277905e-17 1.3037487857902486 1.114843406274528e-17 1.151029463574863 1.1552822864029918e-16 
1.0270995495614006e-17 0.6840891630633487 -1.640275548186066e-17 1.3083577938105735 1.136106985076402e-17 1.1491456967158709 1.153739103690437e-16 
1.0981328199944524e-17 0.6813629117100689 -1.7482969984325304e-17 1.3129638076926473 1.2078937385826667e-17 1.1472659341870768 1.1490250353763549e-16 
1.135968012899472e-17 0.678635716440026 -1.802973059002975e-17 1.317566691116431 1.242528199911176e-17 1.1453902460333363 1.14661681258397e-16 
1.1894534938388502e-17 0.6759076430381091 -1.882088792157986e-17 1.3221663089116715 1.2937577765178095e-17 1.1435187016400123 1.1431503392449801e-16 
1.284782688558138e-17 0.6731787568107795 -2.026742268459283e-17 1.3267625270385734 1.3896311351806943e-17 1.1416513697404402 1.136843850641523e-16 
1.3237235331168734e-17 0.6704491225977725 -2.0818480610996836e-17 1.3313552125688473 1.4237391739684134e-17 1.1397883184231732 1.1344155214621064e-16 
1.3254867286573548e-17 0.6677188047836478 -2.0783404330562654e-17 1.3359442336671188 1.4176554100941517e-17 1.1379296151390266 1.1345295783797312e-16 
1.3137973226437088e-17 0.6649878673091981 -2.0538366215188895e-17 1.340529459572685 1.397283780728901e-17 1.13607532670791 1.1355575066755827e-16 
1.431088981991133e-17 0.6622563736827022 -2.2305245990557914e-17 1.3451107605816321 1.5135004827585652e-17 1.134225519325459 1.1278590037819498e-16 
1.3620353287570951e-17 0.6595243869910382 -2.116597282357832e-17 1.3496880080292917 1.432394486175371e-17 1.1323802585694631 1.1327731023440196e-16 
1.4262670842655096e-17 0.6567919699106539 -2.2098704360881174e-17 1.3542610742730412 1.4915302382440887e-17 1.1305396094060978 1.128696899929632e-16 
1.3220331512296469e-17 0.6540591847184027 -2.042353811711981e-17 1.3588298326754327 1.3747667043922956e-17 1.1287036361959577 1.135947786884775e-16 
1.39303725891575e-17 0.6513260933022359 -2.1457574248483983e-17 1.3633941575876627 1.4404669565622208e-17 1.1268724026998946 1.131436517205147e-16 
1.410678148315883e-17 0.6485927571717697 -2.1666144975707426e-17 1.3679539243333567 1.4505102242843244e-17 1.1250459720846666 1.1305130184756065e-16 
1.481457990955976e-17 0.6458592374687178 -2.2687435128131073e-17 1.3725090091926786 1.514721502481152e-17 1.1232244069283965 1.1260608223661523e-16 
1.4790477935166533e-17 0.6431255949771948 -2.2585366543606347e-17 1.3770592893867546 1.5037460018095922e-17 1.1214077692258435 1.1264928081034883e-16 
1.4682991486805807e-17 0.6403918901338991 -2.2357068706227525e-17 1.3816046430624045 1.48440979931494e-17 1.1195961203934894 1.12747686440446e-16 
1.5231853815025773e-17 0.6376581830381676 -2.312676788215005e-17 1.3861449492771827 1.5312182686317582e-17 1.1177895212744426 1.1241266009339213e-16 
1.5427449239103334e-17 0.6349245334619107 -2.3357407342831597e-17 1.390680087984719 1.5421319976863153e-17 1.1159880321431632 1.1231226279618289e-16 
1.5435503683918564e-17 0.6321910008594358 -2.330376495525213e-17 1.3952099400203484 1.534225672719433e-17 1.1141917127100087 1.1233577782733898e-16 
1.5533054374182714e-17 0.6294576443771446 -2.3385321909931338e-17 1.3997343870870431 1.5351972291172222e-17 1.1124006221256053 1.1230088014541912e-16 
1.7136393570880465e-17 0.6267245228631269 -2.5727259696121518e-17 1.4042533117416207 1.6840826417373465e-17 1.1106148189850455 1.1128401298771473e-16 
1.6654689103155457e-17 0.623991694876637 -2.4934727861010168e-17 1.4087665973812418 1.627477003433621e-17 1.1088343613319145 1.116297733417419e-16 
1.6519347386159787e-17 0.6212592186974653 -2.4663877619706094e-17 1.4132741282301815 1.605104086692923e-17 1.1070593066621464 1.1174916259388004e-16 
1.55788294993055e-17 0.618527152335203 -2.3195834983474234e-17 1.4177757893268732 1.5051322742245402e-17 1.105289711927717 1.1238891804233525e-16 
1.494624556000837e-17 0.6157955535384 -2.2193221203310595e-17 1.422271466511225 1.4358165448157576e-17 1.103525633540168 1.128266307441368e-16 
1.5008760291186535e-17 0.6130644798036248 -2.2225543938182076e-17 1.4267610464121974 1.4336265788054064e-17 1.1017671273739709 1.1281513393606768e-16 
1.438707554337501e-17 0.6103339883844221 -2.124739709838489e-17 1.4312444164356402 1.3664238537395942e-17 1.1000142487697309 1.1324256271532382e-16 
1.4235411840933946e-17 0.6076041363001733 -2.096694443259201e-17 1.435721464752389 1.3443175246282889e-17 1.0982670525372304 1.133673244388183e-16 
1.3193842070634317e-17 0.604874980344862 -1.938092627111198e-17 1.4401920802866122 1.238851245167198e-17 1.0965255929583189 1.1405858428314374e-16 
1.387565198725718e-17 0.6021465770957444 -2.0328297505909536e-17 1.4446561527044026 1.2954313312355485e-17 1.0947899237896461 1.1365124502693776e-16 
1.449813767673889e-17 0.599418982921929 -2.1184118110417383e-17 1.4491135724026196 1.3458086438647131e-17 1.0930600982652443 1.1328423864437953e-16 
1.497871790651436e-17 0.5966922539928684 -2.1828784292221197e-17 1.4535642304979635 1.382460486090182e-17 1.0913361690989614 1.1300935989322132e-16 
1.5114354205391376e-17 0.5939664462867582 -2.196885369280644e-17 1.4580080188162914 1.3869841056213954e-17 1.0896181884867433 1.129535503857241e-16 
1.4842742136143405e-17 0.5912416155988556 -2.1517953769402963e-17 1.4624448298821644 1.354242883966054e-17 1.0879062081087731 1.1315385526979136e-16 
1.4562651255832292e-17 0.5885178175497096 -2.1057286917622098e-17 1.4668745569086208 1.3210523974386329e-17 1.0862002791314629 1.133584944570878e-16 
1.462474976066416e-17 0.585795107593311 -2.1092673772857205e-17 1.4712970937871757 1.3190515579727425e-17 1.0845004522093062 1.1334883365590193e-16 
1.648722196888523e-17 0.5830735410251605 -2.3717994806515347e-17 1.4757123350780434 1.4784649007990954e-17 1.0828067774865893 1.1222093048211716e-16 
1.5196785155047007e-17 0.5803531729902566 -2.180597674614048e-17 1.4801201760005742 1.3548831795816754e-17 1.0811193045989624 1.1305323199981154e-16 
1.469306421904692e-17 0.5776340584910109 -2.102981996729855e-17 1.484520512423907 1.30240303418697e-17 1.079438082674875 1.1339481885554202e-16 
1.514009933197232e-17 0.5749162523950806 -2.161510042033786e-17 1.4889132408578307 1.334261199261744e-17 1.0777631603368818 1.131495109541945e-16 
1.4967096659248544e-17 0.5721998094431321 -2.1314611758215944e-17 1.4932982584438559 1.3113690609446798e-17 1.076094585702805 1.132863538331546e-16 
1.5556716519859008e-17 0.5694847842565255 -2.2099125234538145e-17 1.4976754629464903 1.3551163512517513e-17 1.0744324063867772 1.12956489874598e-16 
1.534000759831084e-17 0.5667712313449379 -2.173731659913057e-17 1.5020447527447063 1.3284690876308426e-17 1.072776669500149 1.1312032102743226e-16 
1.606837415282863e-17 0.5640592051139044 -2.2713361262195425e-17 1.5064060268236203 1.3834418514220075e-17 1.0711274216522684 1.1270962205269622e-16 
1.5817383058873482e-17 0.5613487598723006 -2.2303812438431527e-17 1.5107591847663517 1.3538871867239969e-17 1.0694847089511406 1.1289458116782945e-16 
1.670988041190557e-17 0.5586399498397494 -2.350491430081432e-17 1.5151041267460832 1.4219219126358384e-17 1.0678485770039605 1.1238912836025203e-16 
1.531211325593468e-17 0.5559328291539689 -2.148657319349855e-17 1.5194407535183019 1.2953516898356644e-17 1.0662190709175223 1.132636999627614e-16 
1.6254634105372803e-17 0.5532274518780483 -2.2754208268342427e-17 1.5237689664132317 1.3670217628285828e-17 1.064596235298513 1.1273117370113664e-16 
1.592263750119469e-17 0.5505238720076693 -2.2236059849836382e-17 1.5280886673284384 1.3312337685792245e-17 1.0629801142536854 1.1296322937207283e-16 
1.4883987604594218e-17 0.5478221434782524 -2.0736057418951938e-17 1.5323997587216236 1.2370721617172446e-17 1.061370751389917 1.136142053218436e-16 
1.4813081374763536e-17 0.5451223201720532 -2.0588376342587155e-17 1.5367021436035886 1.2239193443920611e-17 1.059768189814151 1.1368750966931556e-16 
1.361707480320564e-17 0.5424244559251918 -1.8881480032283424e-17 1.5409957255313724 1.1184537209040907e-17 1.0581724721332288 1.144248988745161e-16 
1.376683462562901e-17 0.5397286045346248 -1.9044409939336968e-17 1.5452804086015575 1.1240617101061292e-17 1.0565836404536109 1.143656101236999e-16 
1.4446753471205988e-17 0.5370348197650558 -1.9938412368173222e-17 1.5495560974437532 1.1725818057952096e-17 1.055001736380984 1.1399628208879817e-16 
1.5264378920379973e-17 0.5343431553557948 -2.1018028859318475e-17 1.5538226972142266 1.231583138777818e-17 1.0534268010197716 1.135495166338211e-16 
1.4800261922846655e-17 0.5316536650275538 -2.033201418687864e-17 1.558080113589713 1.1870267025447337e-17 1.051858874972526 1.1385220641305936e-16 
1.4184809215002803e-17 0.5289664024891877 -1.9441880023948762e-17 1.5623282527613769 1.1308780394192337e-17 1.0502979983392284 1.1424074956383072e-16 
1.3769774178271293e-17 0.5262814214443853 -1.88300256233462e-17 1.5665670214289278 1.0912264266496298e-17 1.04874421071648 1.1451098012270705e-16 
1.2443677551728433e-17 0.523598775598299 -1.6978046845706184e-17 1.5707963267948963 9.802279916682555e-18 1.0471975511965976 1.1530379763309866e-16 
