0.0 0.0 -0.0 0.0 0.0 0.0 
0.0 0.0 -0.0628946441547272 0.0 0.0 0.0 
0.0 0.0 -0.12578866632135502 0.0 0.0 0.0 
0.0 0.0 -0.1886814445179351 0.0 0.0 0.0 
0.0 0.0 -0.25157235677482115 0.0 0.0 0.0 
0.0 0.0 -0.31446078114082 0.0 0.0 0.0 
0.0 0.0 -0.3773460956893418 0.0 0.0 0.0 
0.0 0.0 -0.44022767852455125 0.0 0.0 0.0 
0.0 0.0 -0.5031049077875169 0.0 0.0 0.0 
0.0 0.0 -0.5659771616623618 0.0 0.0 0.0 
0.0 0.0 -0.628843818382412 0.0 0.0 0.0 
0.0 0.0 -0.6917042562363462 0.0 0.0 0.0 
0.0 0.0 -0.7545578535743436 0.0 0.0 0.0 
0.0 0.0 -0.8174039888142316 0.0 0.0 0.0 
0.0 0.0 -0.8802420404476332 0.0 0.0 0.0 
0.0 0.0 -0.9430713870461134 0.0 0.0 0.0 
0.0 0.0 -1.0058914072673235 0.0 0.0 0.0 
0.0 0.0 -1.0687014798611483 0.0 0.0 0.0 
0.0 0.0 -1.131500983675847 0.0 0.0 0.0 
0.0 0.0 -1.1942892976641977 0.0 0.0 0.0 
0.0 0.0 -1.2570658008896387 0.0 0.0 0.0 
0.0 0.0 -1.3198298725324098 0.0 0.0 0.0 
0.0 0.0 -1.3825808918956908 0.0 0.0 0.0 
0.0 0.0 -1.44531823841174 0.0 0.0 0.0 
0.0 0.0 -1.508041291648032 0.0 0.0 0.0 
0.0 0.0 -1.570749431313392 0.0 0.0 0.0 
0.0 0.0 -1.6334420372641327 0.0 0.0 0.0 
0.0 0.0 -1.6961184895101842 0.0 0.0 0.0 
0.0 0.0 -1.758778168221225 0.0 0.0 0.0 
0.0 0.0 -1.821420453732816 0.0 0.0 0.0 
0.0 0.0 -1.884044726552525 0.0 0.0 0.0 
0.0 0.0 -1.9466503673660527 0.0 0.0 0.0 
0.0 0.0 -2.009236757043359 0.0 0.0 0.0 
0.0 0.0 -2.071803276644786 0.0 0.0 0.0 
0.0 0.0 -2.1343493074271778 0.0 0.0 0.0 
0.0 0.0 -2.1968742308500007 0.0 0.0 0.0 
0.0 0.0 -2.2593774285814567 0.0 0.0 0.0 
0.0 0.0 -2.3218582825046044 0.0 0.0 0.0 
0.0 0.0 -2.3843161747234674 0.0 0.0 0.0 
0.0 0.0 -2.4467504875691444 0.0 0.0 0.0 
0.0 0.0 -2.5091606036059204 0.0 0.0 0.0 
0.0 0.0 -2.5715459056373735 0.0 0.0 0.0 
0.0 0.0 -2.6339057767124716 0.0 0.0 0.0 
0.0 0.0 -2.696239600131684 0.0 0.0 0.0 
0.0 0.0 -2.7585467594530715 0.0 0.0 0.0 
0.0 0.0 -2.820826638498386 0.0 0.0 0.0 
0.0 0.0 -2.8830786213591657 0.0 0.0 0.0 
0.0 0.0 -2.9453020924028235 0.0 0.0 0.0 
0.0 0.0 -3.0074964362787338 0.0 0.0 0.0 
0.0 0.0 -3.069661037924325 0.0 0.0 0.0 
0.0 0.0 -3.131795282571153 0.0 0.0 0.0 
0.0 0.0 -3.1938985557509882 0.0 0.0 0.0 
0.0 0.0 -3.2559702433018867 0.0 0.0 0.0 
0.0 0.0 -3.318009731374267 0.0 0.0 0.0 
0.0 0.0 -3.380016406436982 0.0 0.0 0.0 
0.0 0.0 -3.441989655283381 0.0 0.0 0.0 
0.0 0.0 -3.5039288650373797 0.0 0.0 0.0 
0.0 0.0 -3.565833423159519 0.0 0.0 0.0 
0.0 0.0 -3.627702717453021 0.0 0.0 0.0 
0.0 0.0 -3.6895361360698464 0.0 0.0 0.0 
0.0 0.0 -3.7513330675167427 0.0 0.0 0.0 
0.0 0.0 -3.8130929006612906 0.0 0.0 0.0 
0.0 0.0 -3.874815024737953 0.0 0.0 0.0 
0.0 0.0 -3.9364988293541074 0.0 0.0 0.0 
0.0 0.0 -3.9981437044960915 0.0 0.0 0.0 
0.0 0.0 -4.059749040535227 0.0 0.0 0.0 
0.0 0.0 -4.121314228233851 0.0 0.0 0.0 
0.0 0.0 -4.182838658751348 0.0 0.0 0.0 
0.0 0.0 -4.244321723650158 0.0 0.0 0.0 
0.0 0.0 -4.305762814901806 0.0 0.0 0.0 
0.0 0.0 -4.367161324892909 0.0 0.0 0.0 
0.0 0.0 -4.4285166464311825 0.0 0.0 0.0 
0.0 0.0 -4.4898281727514515 0.0 0.0 0.0 
0.0 0.0 -4.551095297521648 0.0 0.0 0.0 
0.0 0.0 -4.612317414848802 0.0 0.0 0.0 
0.0 0.0 -4.673493919285049 0.0 0.0 0.0 
0.0 0.0 -4.734624205833596 0.0 0.0 0.0 
0.0 0.0 -4.795707669954719 0.0 0.0 0.0 
0.0 0.0 -4.856743707571743 0.0 0.0 0.0 
0.0 0.0 -4.9177317150770055 0.0 0.0 0.0 
0.0 0.0 -4.9786710893378325 0.0 0.0 0.0 
0.0 0.0 -5.039561227702504 0.0 0.0 0.0 
0.0 0.0 -5.100401528006209 0.0 0.0 0.0 
0.0 0.0 -5.161191388577004 0.0 0.0 0.0 
0.0 0.0 -5.221930208241764 0.0 0.0 0.0 
0.0 0.0 -5.2826173863321255 0.0 0.0 0.0 
0.0 0.0 -5.343252322690426 0.0 0.0 0.0 
0.0 0.0 -5.403834417675641 0.0 0.0 0.0 
0.0 0.0 -5.464363072169317 0.0 0.0 0.0 
0.0 0.0 -5.5248376875814875 0.0 0.0 0.0 
0.0 0.0 -5.585257665856601 0.0 0.0 0.0 
0.0 0.0 -5.645622409479434 0.0 0.0 0.0 
0.0 0.0 -5.705931321480994 0.0 0.0 0.0 
0.0 0.0 -5.766183805444436 0.0 0.0 0.0 
0.0 0.0 -5.826379265510944 0.0 0.0 0.0 
0.0 0.0 -5.886517106385636 0.0 0.0 0.0 
0.0 0.0 -5.946596733343446 0.0 0.0 0.0 
0.0 0.0 -6.00661755223501 0.0 0.0 0.0 
0.0 0.0 -6.066578969492533 0.0 0.0 0.0 
0.0 0.0 -6.126480392135668 0.0 0.0 0.0 
0.0 0.0 -6.186321227777377 0.0 0.0 0.0 
0.0 0.0 -6.246100884629789 0.0 0.0 0.0 
0.0 0.0 -6.305818771510049 0.0 0.0 0.0 
0.0 0.0 -6.36547429784617 0.0 0.0 0.0 
0.0 0.0 -6.425066873682875 0.0 0.0 0.0 
0.0 0.0 -6.484595909687418 0.0 0.0 0.0 
0.0 0.0 -6.544060817155431 0.0 0.0 0.0 
0.0 0.0 -6.603461008016735 0.0 0.0 0.0 
0.0 0.0 -6.662795894841151 0.0 0.0 0.0 
0.0 0.0 -6.722064890844321 0.0 0.0 0.0 
0.0 0.0 -6.781267409893505 0.0 0.0 0.0 
0.0 0.0 -6.840402866513374 0.0 0.0 0.0 
0.0 0.0 -6.899470675891809 0.0 0.0 0.0 
0.0 0.0 -6.958470253885678 0.0 0.0 0.0 
0.0 0.0 -7.01740101702661 0.0 0.0 0.0 
0.0 0.0 -7.076262382526774 0.0 0.0 0.0 
0.0 0.0 -7.135053768284633 0.0 0.0 0.0 
0.0 0.0 -7.193774592890714 0.0 0.0 0.0 
0.0 0.0 -7.252424275633338 0.0 0.0 0.0 
0.0 0.0 -7.311002236504379 0.0 0.0 0.0 
0.0 0.0 -7.369507896204998 0.0 0.0 0.0 
0.0 0.0 -7.427940676151364 0.0 0.0 0.0 
0.0 0.0 -7.486299998480376 0.0 0.0 0.0 
0.0 0.0 -7.544585286055398 0.0 0.0 0.0 
0.0 0.0 -7.602795962471935 0.0 0.0 0.0 
0.0 0.0 -7.6609314520633545 0.0 0.0 0.0 
0.0 0.0 -7.718991179906574 0.0 0.0 0.0 
0.0 0.0 -7.77697457182775 0.0 0.0 0.0 
0.0 0.0 -7.834881054407946 0.0 0.0 0.0 
0.0 0.0 -7.892710054988816 0.0 0.0 0.0 
0.0 0.0 -7.95046100167826 0.0 0.0 0.0 
0.0 0.0 -8.008133323356077 0.0 0.0 0.0 
0.0 0.0 -8.065726449679625 0.0 0.0 0.0 
0.0 0.0 -8.123239811089448 0.0 0.0 0.0 
0.0 0.0 -8.18067283881492 0.0 0.0 0.0 
0.0 0.0 -8.238024964879854 0.0 0.0 0.0 
0.0 0.0 -8.295295622108139 0.0 0.0 0.0 
0.0 0.0 -8.352484244129338 0.0 0.0 0.0 
0.0 0.0 -8.409590265384285 0.0 0.0 0.0 
0.0 0.0 -8.466613121130688 0.0 0.0 0.0 
0.0 0.0 -8.523552247448707 0.0 0.0 0.0 
0.0 0.0 -8.580407081246529 0.0 0.0 0.0 
0.0 0.0 -8.637177060265946 0.0 0.0 0.0 
0.0 0.0 -8.693861623087912 0.0 0.0 0.0 
0.0 0.0 -8.750460209138085 0.0 0.0 0.0 
0.0 0.0 -8.806972258692387 0.0 0.0 0.0 
0.0 0.0 -8.863397212882521 0.0 0.0 0.0 
0.0 0.0 -8.919734513701519 0.0 0.0 0.0 
0.0 0.0 -8.975983604009242 0.0 0.0 0.0 
0.0 0.0 -9.0321439275379 0.0 0.0 0.0 
0.0 0.0 -9.08821492889755 0.0 0.0 0.0 
0.0 0.0 -9.144196053581581 0.0 0.0 0.0 
0.0 0.0 -9.20008674797222 0.0 0.0 0.0 
0.0 0.0 -9.255886459345978 0.0 0.0 0.0 
0.0 0.0 -9.31159463587914 0.0 0.0 0.0 
0.0 0.0 -9.36721072665321 0.0 0.0 0.0 
0.0 0.0 -9.422734181660356 0.0 0.0 0.0 
0.0 0.0 -9.478164451808864 0.0 0.0 0.0 
0.0 0.0 -9.533500988928548 0.0 0.0 0.0 
0.0 0.0 -9.588743245776195 0.0 0.0 0.0 
0.0 0.0 -9.643890676040954 0.0 0.0 0.0 
0.0 0.0 -9.698942734349757 0.0 0.0 0.0 
0.0 0.0 -9.753898876272691 0.0 0.0 0.0 
0.0 0.0 -9.808758558328408 0.0 0.0 0.0 
0.0 0.0 -9.863521237989488 0.0 0.0 0.0 
0.0 0.0 -9.918186373687789 0.0 0.0 0.0 
0.0 0.0 -9.972753424819828 0.0 0.0 0.0 
0.0 0.0 -10.02722185175212 0.0 0.0 0.0 
0.0 0.0 -10.081591115826491 0.0 0.0 0.0 
0.0 0.0 -10.13586067936545 0.0 0.0 0.0 
0.0 0.0 -10.190030005677464 0.0 0.0 0.0 
0.0 0.0 -10.244098559062287 0.0 0.0 0.0 
0.0 0.0 -10.298065804816252 0.0 0.0 0.0 
0.0 0.0 -10.351931209237568 0.0 0.0 0.0 
0.0 0.0 -10.405694239631577 0.0 0.0 0.0 
0.0 0.0 -10.459354364316047 0.0 0.0 0.0 
0.0 0.0 -10.512911052626414 0.0 0.0 0.0 
0.0 0.0 -10.566363774921028 0.0 0.0 0.0 
0.0 0.0 -10.619712002586406 0.0 0.0 0.0 
0.0 0.0 -10.672955208042445 0.0 0.0 0.0 
0.0 0.0 -10.726092864747649 0.0 0.0 0.0 
0.0 0.0 -10.779124447204328 0.0 0.0 0.0 
0.0 0.0 -10.832049430963801 0.0 0.0 0.0 
0.0 0.0 -10.88486729263158 0.0 0.0 0.0 
0.0 0.0 -10.937577509872547 0.0 0.0 0.0 
0.0 0.0 -10.99017956141612 0.0 0.0 0.0 
0.0 0.0 -11.042672927061403 0.0 0.0 0.0 
0.0 0.0 -11.095057087682342 0.0 0.0 0.0 
0.0 0.0 -11.147331525232843 0.0 0.0 0.0 
0.0 0.0 -11.199495722751907 0.0 0.0 0.0 
0.0 0.0 -11.251549164368742 0.0 0.0 0.0 
0.0 0.0 -11.303491335307855 0.0 0.0 0.0 
0.0 0.0 -11.355321721894157 0.0 0.0 0.0 
0.0 0.0 -11.407039811558029 0.0 0.0 0.0 
0.0 0.0 -11.4586450928404 0.0 0.0 0.0 
0.0 0.0 -11.510137055397799 0.0 0.0 0.0 
0.0 0.0 -11.561515190007414 0.0 0.0 0.0 
0.0 0.0 -11.61277898857211 0.0 0.0 0.0 
0.0 0.0 -11.663927944125465 0.0 0.0 0.0 
0.0 0.0 -11.714961550836788 0.0 0.0 0.0 
0.0 0.0 -11.7658793040161 0.0 0.0 0.0 
0.0 0.0 -11.816680700119157 0.0 0.0 0.0 
0.0 0.0 -11.867365236752407 0.0 0.0 0.0 
0.0 0.0 -11.917932412677954 0.0 0.0 0.0 
0.0 0.0 -11.968381727818535 0.0 0.0 0.0 
0.0 0.0 -12.01871268326246 0.0 0.0 0.0 
0.0 0.0 -12.068924781268521 0.0 0.0 0.0 
0.0 0.0 -12.119017525270962 0.0 0.0 0.0 
0.0 0.0 -12.168990419884341 0.0 0.0 0.0 
0.0 0.0 -12.218842970908458 0.0 0.0 0.0 
0.0 0.0 -12.268574685333235 0.0 0.0 0.0 
0.0 0.0 -12.318185071343592 0.0 0.0 0.0 
0.0 0.0 -12.367673638324305 0.0 0.0 0.0 
0.0 0.0 -12.417039896864871 0.0 0.0 0.0 
0.0 0.0 -12.466283358764334 0.0 0.0 0.0 
0.0 0.0 -12.515403537036118 0.0 0.0 0.0 
0.0 0.0 -12.564399945912847 0.0 0.0 0.0 
0.0 0.0 -12.613272100851143 0.0 0.0 0.0 
0.0 0.0 -12.662019518536425 0.0 0.0 0.0 
0.0 0.0 -12.71064171688768 0.0 0.0 0.0 
0.0 0.0 -12.759138215062238 0.0 0.0 0.0 
0.0 0.0 -12.807508533460519 0.0 0.0 0.0 
0.0 0.0 -12.855752193730785 0.0 0.0 0.0 
0.0 0.0 -12.903868718773868 0.0 0.0 0.0 
0.0 0.0 -12.951857632747881 0.0 0.0 0.0 
0.0 0.0 -12.999718461072934 0.0 0.0 0.0 
0.0 0.0 -13.04745073043582 0.0 0.0 0.0 
0.0 0.0 -13.095053968794701 0.0 0.0 0.0 
0.0 0.0 -13.14252770538377 0.0 0.0 0.0 
0.0 0.0 -13.189871470717918 0.0 0.0 0.0 
0.0 0.0 -13.23708479659736 0.0 0.0 0.0 
0.0 0.0 -13.284167216112282 0.0 0.0 0.0 
0.0 0.0 -13.33111826364744 0.0 0.0 0.0 
0.0 0.0 -13.377937474886789 0.0 0.0 0.0 
0.0 0.0 -13.424624386818053 0.0 0.0 0.0 
0.0 0.0 -13.471178537737316 0.0 0.0 0.0 
0.0 0.0 -13.51759946725358 0.0 0.0 0.0 
0.0 0.0 -13.563886716293327 0.0 0.0 0.0 
0.0 0.0 -13.610039827105048 0.0 0.0 0.0 
0.0 0.0 -13.656058343263782 0.0 0.0 0.0 
0.0 0.0 -13.701941809675617 0.0 0.0 0.0 
0.0 0.0 -13.747689772582206 0.0 0.0 0.0 
0.0 0.0 -13.793301779565239 0.0 0.0 0.0 
0.0 0.0 -13.838777379550924 0.0 0.0 0.0 
0.0 0.0 -13.884116122814449 0.0 0.0 0.0 
0.0 0.0 -13.929317560984435 0.0 0.0 0.0 
0.0 0.0 -13.974381247047349 0.0 0.0 0.0 
0.0 0.0 -14.019306735351948 0.0 0.0 0.0 
0.0 0.0 -14.06409358161368 0.0 0.0 0.0 
0.0 0.0 -14.108741342919062 0.0 0.0 0.0 
0.0 0.0 -14.15324957773009 0.0 0.0 0.0 
0.0 0.0 -14.197617845888573 0.0 0.0 0.0 
0.0 0.0 -14.24184570862051 0.0 0.0 0.0 
0.0 0.0 -14.285932728540418 0.0 0.0 0.0 
0.0 0.0 -14.329878469655664 0.0 0.0 0.0 
0.0 0.0 -14.373682497370767 0.0 0.0 0.0 
0.0 0.0 -14.417344378491702 0.0 0.0 0.0 
0.0 0.0 -14.460863681230185 0.0 0.0 0.0 
0.0 0.0 -14.504239975207947 0.0 0.0 0.0 
0.0 0.0 -14.547472831460972 0.0 0.0 0.0 
0.0 0.0 -14.590561822443771 0.0 0.0 0.0 
0.0 0.0 -14.633506522033565 0.0 0.0 0.0 
0.0 0.0 -14.676306505534553 0.0 0.0 0.0 
0.0 0.0 -14.718961349682067 0.0 0.0 0.0 
0.0 0.0 -14.761470632646779 0.0 0.0 0.0 
0.0 0.0 -14.80383393403887 0.0 0.0 0.0 
0.0 0.0 -14.846050834912186 0.0 0.0 0.0 
0.0 0.0 -14.888120917768378 0.0 0.0 0.0 
0.0 0.0 -14.930043766561042 0.0 0.0 0.0 
0.0 0.0 -14.97181896669981 0.0 0.0 0.0 
0.0 0.0 -15.013446105054486 0.0 0.0 0.0 
0.0 0.0 -15.054924769959095 0.0 0.0 0.0 
0.0 0.0 -15.096254551215974 0.0 0.0 0.0 
0.0 0.0 -15.137435040099835 0.0 0.0 0.0 
0.0 0.0 -15.178465829361778 0.0 0.0 0.0 
0.0 0.0 -15.21934651323335 0.0 0.0 0.0 
0.0 0.0 -15.260076687430544 0.0 0.0 0.0 
0.0 0.0 -15.3006559491578 0.0 0.0 0.0 
0.0 0.0 -15.341083897111973 0.0 0.0 0.0 
0.0 0.0 -15.381360131486336 0.0 0.0 0.0 
0.0 0.0 -15.421484253974496 0.0 0.0 0.0 
0.0 0.0 -15.461455867774355 0.0 0.0 0.0 
0.0 0.0 -15.501274577592032 0.0 0.0 0.0 
0.0 0.0 -15.54093998964577 0.0 0.0 0.0 
0.0 0.0 -15.580451711669824 0.0 0.0 0.0 
0.0 0.0 -15.619809352918349 0.0 0.0 0.0 
0.0 0.0 -15.659012524169263 0.0 0.0 0.0 
0.0 0.0 -15.69806083772809 0.0 0.0 0.0 
0.0 0.0 -15.736953907431799 0.0 0.0 0.0 
0.0 0.0 -15.775691348652627 0.0 0.0 0.0 
0.0 0.0 -15.814272778301874 0.0 0.0 0.0 
0.0 0.0 -15.852697814833693 0.0 0.0 0.0 
0.0 0.0 -15.890966078248873 0.0 0.0 0.0 
0.0 0.0 -15.92907719009858 0.0 0.0 0.0 
0.0 0.0 -15.967030773488117 0.0 0.0 0.0 
0.0 0.0 -16.00482645308064 0.0 0.0 0.0 
0.0 0.0 -16.042463855100873 0.0 0.0 0.0 
0.0 0.0 -16.07994260733881 0.0 0.0 0.0 
0.0 0.0 -16.11726233915338 0.0 0.0 0.0 
0.0 0.0 -16.154422681476134 0.0 0.0 0.0 
0.0 0.0 -16.19142326681488 0.0 0.0 0.0 
0.0 0.0 -16.228263729257314 0.0 0.0 0.0 
0.0 0.0 -16.26494370447466 0.0 0.0 0.0 
0.0 0.0 -16.301462829725246 0.0 0.0 0.0 
0.0 0.0 -16.33782074385811 0.0 0.0 0.0 
0.0 0.0 -16.37401708731656 0.0 0.0 0.0 
0.0 0.0 -16.410051502141748 0.0 0.0 0.0 
0.0 0.0 -16.44592363197619 0.0 0.0 0.0 
0.0 0.0 -16.481633122067286 0.0 0.0 0.0 
0.0 0.0 -16.517179619270863 0.0 0.0 0.0 
0.0 0.0 -16.552562772054625 0.0 0.0 0.0 
0.0 0.0 -16.587782230501652 0.0 0.0 0.0 
0.0 0.0 -16.622837646313872 0.0 0.0 0.0 
0.0 0.0 -16.65772867281547 0.0 0.0 0.0 
0.0 0.0 -16.692454964956347 0.0 0.0 0.0 
0.0 0.0 -16.72701617931552 0.0 0.0 0.0 
0.0 0.0 -16.761411974104526 0.0 0.0 0.0 
0.0 0.0 -16.795642009170795 0.0 0.0 0.0 
0.0 0.0 -16.829705946001003 0.0 0.0 0.0 
0.0 0.0 -16.86360344772445 0.0 0.0 0.0 
0.0 0.0 -16.897334179116356 0.0 0.0 0.0 
0.0 0.0 -16.93089780660121 0.0 0.0 0.0 
0.0 0.0 -16.964293998256046 0.0 0.0 0.0 
0.0 0.0 -16.997522423813727 0.0 0.0 0.0 
0.0 0.0 -17.030582754666227 0.0 0.0 0.0 
0.0 0.0 -17.063474663867858 0.0 0.0 0.0 
0.0 0.0 -17.096197826138518 0.0 0.0 0.0 
0.0 0.0 -17.128751917866918 0.0 0.0 0.0 
0.0 0.0 -17.16113661711375 0.0 0.0 0.0 
0.0 0.0 -17.193351603614904 0.0 0.0 0.0 
0.0 0.0 -17.225396558784617 0.0 0.0 0.0 
0.0 0.0 -17.25727116571862 0.0 0.0 0.0 
0.0 0.0 -17.2889751091973 0.0 0.0 0.0 
0.0 0.0 -17.32050807568877 0.0 0.0 0.0 
0.0 0.0 -17.351869753352027 0.0 0.0 0.0 
0.0 0.0 -17.383059832039976 0.0 0.0 0.0 
0.0 0.0 -17.41407800330255 0.0 0.0 0.0 
0.0 0.0 -17.444923960389726 0.0 0.0 0.0 
0.0 0.0 -17.475597398254568 0.0 0.0 0.0 
0.0 0.0 -17.506098013556258 0.0 0.0 0.0 
0.0 0.0 -17.53642550466307 0.0 0.0 0.0 
0.0 0.0 -17.56657957165537 0.0 0.0 0.0 
0.0 0.0 -17.596559916328587 0.0 0.0 0.0 
0.0 0.0 -17.62636624219614 0.0 0.0 0.0 
0.0 0.0 -17.655998254492392 0.0 0.0 0.0 
0.0 0.0 -17.685455660175553 0.0 0.0 0.0 
0.0 0.0 -17.714738167930587 0.0 0.0 0.0 
0.0 0.0 -17.743845488172077 0.0 0.0 0.0 
0.0 0.0 -17.772777333047117 0.0 0.0 0.0 
0.0 0.0 -17.80153341643812 0.0 0.0 0.0 
0.0 0.0 -17.830113453965676 0.0 0.0 0.0 
0.0 0.0 -17.85851716299137 0.0 0.0 0.0 
0.0 0.0 -17.886744262620546 0.0 0.0 0.0 
0.0 0.0 -17.914794473705108 0.0 0.0 0.0 
0.0 0.0 -17.94266751884628 0.0 0.0 0.0 
0.0 0.0 -17.970363122397345 0.0 0.0 0.0 
0.0 0.0 -17.997881010466365 0.0 0.0 0.0 
0.0 0.0 -18.025220910918893 0.0 0.0 0.0 
0.0 0.0 -18.052382553380678 0.0 0.0 0.0 
0.0 0.0 -18.079365669240318 0.0 0.0 0.0 
0.0 0.0 -18.10616999165193 0.0 0.0 0.0 
0.0 0.0 -18.132795255537786 0.0 0.0 0.0 
0.0 0.0 -18.159241197590926 0.0 0.0 0.0 
0.0 0.0 -18.185507556277766 0.0 0.0 0.0 
0.0 0.0 -18.21159407184071 0.0 0.0 0.0 
0.0 0.0 -18.237500486300675 0.0 0.0 0.0 
0.0 0.0 -18.263226543459666 0.0 0.0 0.0 
0.0 0.0 -18.288771988903314 0.0 0.0 0.0 
0.0 0.0 -18.314136570003384 0.0 0.0 0.0 
0.0 0.0 -18.339320035920267 0.0 0.0 0.0 
0.0 0.0 -18.36432213760548 0.0 0.0 0.0 
0.0 0.0 -18.38914262780411 0.0 0.0 0.0 
0.0 0.0 -18.41378126105726 0.0 0.0 0.0 
0.0 0.0 -18.438237793704502 0.0 0.0 0.0 
0.0 0.0 -18.462511983886248 0.0 0.0 0.0 
0.0 0.0 -18.486603591546167 0.0 0.0 0.0 
0.0 0.0 -18.51051237843356 0.0 0.0 0.0 
0.0 0.0 -18.5342381081057 0.0 0.0 0.0 
0.0 0.0 -18.557780545930186 0.0 0.0 0.0 
0.0 0.0 -18.581139459087254 0.0 0.0 0.0 
0.0 0.0 -18.604314616572083 0.0 0.0 0.0 
0.0 0.0 -18.627305789197084 0.0 0.0 0.0 
0.0 0.0 -18.650112749594147 0.0 0.0 0.0 
0.0 0.0 -18.672735272216926 0.0 0.0 0.0 
0.0 0.0 -18.69517313334302 0.0 0.0 0.0 
0.0 0.0 -18.71742611107624 0.0 0.0 0.0 
0.0 0.0 -18.739493985348762 0.0 0.0 0.0 
0.0 0.0 -18.761376537923315 0.0 0.0 0.0 
0.0 0.0 -18.783073552395354 0.0 0.0 0.0 
0.0 0.0 -18.804584814195177 0.0 0.0 0.0 
0.0 0.0 -18.825910110590062 0.0 0.0 0.0 
0.0 0.0 -18.847049230686373 0.0 0.0 0.0 
0.0 0.0 -18.868001965431624 0.0 0.0 0.0 
0.0 0.0 -18.888768107616578 0.0 0.0 0.0 
0.0 0.0 -18.909347451877267 0.0 0.0 0.0 
0.0 0.0 -18.92973979469705 0.0 0.0 0.0 
0.0 0.0 -18.949944934408595 0.0 0.0 0.0 
0.0 0.0 -18.969962671195905 0.0 0.0 0.0 
0.0 0.0 -18.98979280709627 0.0 0.0 0.0 
0.0 0.0 -19.00943514600223 0.0 0.0 0.0 
0.0 0.0 -19.02888949366353 0.0 0.0 0.0 
0.0 0.0 -19.04815565768903 0.0 0.0 0.0 
0.0 0.0 -19.067233447548585 0.0 0.0 0.0 
0.0 0.0 -19.086122674574977 0.0 0.0 0.0 
0.0 0.0 -19.10482315196574 0.0 0.0 0.0 
0.0 0.0 -19.12333469478502 0.0 0.0 0.0 
0.0 0.0 -19.141657119965416 0.0 0.0 0.0 
0.0 0.0 -19.15979024630978 0.0 0.0 0.0 
0.0 0.0 -19.177733894492995 0.0 0.0 0.0 
0.0 0.0 -19.19548788706378 0.0 0.0 0.0 
0.0 0.0 -19.21305204844642 0.0 0.0 0.0 
0.0 0.0 -19.230426204942507 0.0 0.0 0.0 
0.0 0.0 -19.247610184732668 0.0 0.0 0.0 
0.0 0.0 -19.264603817878253 0.0 0.0 0.0 
0.0 0.0 -19.281406936323013 0.0 0.0 0.0 
0.0 0.0 -19.29801937389478 0.0 0.0 0.0 
0.0 0.0 -19.314440966307092 0.0 0.0 0.0 
0.0 0.0 -19.330671551160826 0.0 0.0 0.0 
0.0 0.0 -19.346710967945803 0.0 0.0 0.0 
0.0 0.0 -19.362559058042375 0.0 0.0 0.0 
0.0 0.0 -19.37821566472299 0.0 0.0 0.0 
0.0 0.0 -19.39368063315375 0.0 0.0 0.0 
0.0 0.0 -19.40895381039594 0.0 0.0 0.0 
0.0 0.0 -19.424035045407525 0.0 0.0 0.0 
0.0 0.0 -19.43892418904467 0.0 0.0 0.0 
0.0 0.0 -19.4536210940632 0.0 0.0 0.0 
0.0 0.0 -19.46812561512005 0.0 0.0 0.0 
0.0 0.0 -19.482437608774724 0.0 0.0 0.0 
0.0 0.0 -19.496556933490684 0.0 0.0 0.0 
0.0 0.0 -19.510483449636773 0.0 0.0 0.0 
0.0 0.0 -19.524217019488592 0.0 0.0 0.0 
0.0 0.0 -19.53775750722985 0.0 0.0 0.0 
0.0 0.0 -19.551104778953725 0.0 0.0 0.0 
0.0 0.0 -19.56425870266417 0.0 0.0 0.0 
0.0 0.0 -19.57721914827723 0.0 0.0 0.0 
0.0 0.0 -19.589985987622327 0.0 0.0 0.0 
0.0 0.0 -19.60255909444353 0.0 0.0 0.0 
0.0 0.0 -19.61493834440079 0.0 0.0 0.0 
0.0 0.0 -19.627123615071188 0.0 0.0 0.0 
0.0 0.0 -19.63911478595013 0.0 0.0 0.0 
0.0 0.0 -19.650911738452553 0.0 0.0 0.0 
0.0 0.0 -19.662514355914084 0.0 0.0 0.0 
0.0 0.0 -19.673922523592204 0.0 0.0 0.0 
0.0 0.0 -19.685136128667374 0.0 0.0 0.0 
0.0 0.0 -19.69615506024416 0.0 0.0 0.0 
0.0 0.0 -19.70697920935233 0.0 0.0 0.0 
0.0 0.0 -19.717608468947915 0.0 0.0 0.0 
0.0 0.0 -19.728042733914293 0.0 0.0 0.0 
0.0 0.0 -19.7382819010632 0.0 0.0 0.0 
0.0 0.0 -19.74832586913578 0.0 0.0 0.0 
0.0 0.0 -19.758174538803562 0.0 0.0 0.0 
0.0 0.0 -19.767827812669456 0.0 0.0 0.0 
0.0 0.0 -19.777285595268715 0.0 0.0 0.0 
0.0 0.0 -19.78654779306987 0.0 0.0 0.0 
0.0 0.0 -19.79561431447567 0.0 0.0 0.0 
0.0 0.0 -19.80448506982397 0.0 0.0 0.0 
0.0 0.0 -19.813159971388636 0.0 0.0 0.0 
0.0 0.0 -19.82163893338039 0.0 0.0 0.0 
0.0 0.0 -19.829921871947697 0.0 0.0 0.0 
0.0 0.0 -19.838008705177536 0.0 0.0 0.0 
0.0 0.0 -19.84589935309627 0.0 0.0 0.0 
0.0 0.0 -19.853593737670405 0.0 0.0 0.0 
0.0 0.0 -19.861091782807353 0.0 0.0 0.0 
0.0 0.0 -19.868393414356213 0.0 0.0 0.0 
0.0 0.0 -19.875498560108483 0.0 0.0 0.0 
0.0 0.0 -19.882407149798787 0.0 0.0 0.0 
0.0 0.0 -19.88911911510555 0.0 0.0 0.0 
0.0 0.0 -19.895634389651708 0.0 0.0 0.0 
0.0 0.0 -19.90195290900532 0.0 0.0 0.0 
0.0 0.0 -19.908074610680252 0.0 0.0 0.0 
0.0 0.0 -19.913999434136752 0.0 0.0 0.0 
0.0 0.0 -19.919727320782087 0.0 0.0 0.0 
0.0 0.0 -19.925258213971087 0.0 0.0 0.0 
0.0 0.0 -19.930592059006734 0.0 0.0 0.0 
0.0 0.0 -19.935728803140687 0.0 0.0 0.0 
0.0 0.0 -19.940668395573805 0.0 0.0 0.0 
0.0 0.0 -19.945410787456655 0.0 0.0 0.0 
0.0 0.0 -19.949955931889992 0.0 0.0 0.0 
0.0 0.0 -19.95430378392523 0.0 0.0 0.0 
0.0 0.0 -19.958454300564867 0.0 0.0 0.0 
0.0 0.0 -19.962407440762927 0.0 0.0 0.0 
0.0 0.0 -19.966163165425364 0.0 0.0 0.0 
0.0 0.0 -19.96972143741045 0.0 0.0 0.0 
0.0 0.0 -19.97308222152913 0.0 0.0 0.0 
0.0 0.0 -19.976245484545384 0.0 0.0 0.0 
0.0 0.0 -19.979211195176546 0.0 0.0 0.0 
0.0 0.0 -19.98197932409363 0.0 0.0 0.0 
0.0 0.0 -19.984549843921588 0.0 0.0 0.0 
0.0 0.0 -19.986922729239616 0.0 0.0 0.0 
0.0 0.0 -19.989097956581386 0.0 0.0 0.0 
0.0 0.0 -19.991075504435276 0.0 0.0 0.0 
0.0 0.0 -19.9928553532446 0.0 0.0 0.0 
0.0 0.0 -19.994437485407776 0.0 0.0 0.0 
0.0 0.0 -19.995821885278524 0.0 0.0 0.0 
0.0 0.0 -19.997008539166007 0.0 0.0 0.0 
0.0 0.0 -19.997997435334977 0.0 0.0 0.0 
0.0 0.0 -19.998788564005874 0.0 0.0 0.0 
0.0 0.0 -19.99938191735494 0.0 0.0 0.0 
0.0 0.0 -19.99977748951428 0.0 0.0 0.0 
0.0 0.0 -19.99997527657195 0.0 0.0 0.0 
0.0 0.0 -19.99997527657195 0.0 0.0 0.0 
0.0 0.0 -19.99977748951428 0.0 0.0 0.0 
0.0 0.0 -19.99938191735494 0.0 0.0 0.0 
0.0 0.0 -19.998788564005874 0.0 0.0 0.0 
0.0 0.0 -19.997997435334977 0.0 0.0 0.0 
0.0 0.0 -19.997008539166007 0.0 0.0 0.0 
0.0 0.0 -19.995821885278524 0.0 0.0 0.0 
0.0 0.0 -19.994437485407776 0.0 0.0 0.0 
0.0 0.0 -19.9928553532446 0.0 0.0 0.0 
0.0 0.0 -19.99107550443528 0.0 0.0 0.0 
0.0 0.0 -19.989097956581386 0.0 0.0 0.0 
0.0 0.0 -19.986922729239616 0.0 0.0 0.0 
0.0 0.0 -19.984549843921588 0.0 0.0 0.0 
0.0 0.0 -19.98197932409363 0.0 0.0 0.0 
0.0 0.0 -19.97921119517655 0.0 0.0 0.0 
0.0 0.0 -19.976245484545384 0.0 0.0 0.0 
0.0 0.0 -19.97308222152913 0.0 0.0 0.0 
0.0 0.0 -19.96972143741045 0.0 0.0 0.0 
0.0 0.0 -19.966163165425364 0.0 0.0 0.0 
0.0 0.0 -19.962407440762927 0.0 0.0 0.0 
0.0 0.0 -19.958454300564867 0.0 0.0 0.0 
0.0 0.0 -19.95430378392523 0.0 0.0 0.0 
0.0 0.0 -19.949955931889992 0.0 0.0 0.0 
0.0 0.0 -19.945410787456655 0.0 0.0 0.0 
0.0 0.0 -19.940668395573805 0.0 0.0 0.0 
0.0 0.0 -19.935728803140687 0.0 0.0 0.0 
0.0 0.0 -19.930592059006734 0.0 0.0 0.0 
0.0 0.0 -19.925258213971087 0.0 0.0 0.0 
0.0 0.0 -19.919727320782087 0.0 0.0 0.0 
0.0 0.0 -19.913999434136755 0.0 0.0 0.0 
0.0 0.0 -19.908074610680252 0.0 0.0 0.0 
0.0 0.0 -19.90195290900532 0.0 0.0 0.0 
0.0 0.0 -19.895634389651708 0.0 0.0 0.0 
0.0 0.0 -19.88911911510555 0.0 0.0 0.0 
0.0 0.0 -19.882407149798787 0.0 0.0 0.0 
0.0 0.0 -19.875498560108483 0.0 0.0 0.0 
0.0 0.0 -19.868393414356213 0.0 0.0 0.0 
0.0 0.0 -19.861091782807353 0.0 0.0 0.0 
0.0 0.0 -19.853593737670405 0.0 0.0 0.0 
0.0 0.0 -19.845899353096275 0.0 0.0 0.0 
0.0 0.0 -19.838008705177536 0.0 0.0 0.0 
0.0 0.0 -19.829921871947697 0.0 0.0 0.0 
0.0 0.0 -19.82163893338039 0.0 0.0 0.0 
0.0 0.0 -19.813159971388636 0.0 0.0 0.0 
0.0 0.0 -19.804485069823972 0.0 0.0 0.0 
0.0 0.0 -19.79561431447567 0.0 0.0 0.0 
0.0 0.0 -19.78654779306987 0.0 0.0 0.0 
0.0 0.0 -19.777285595268715 0.0 0.0 0.0 
0.0 0.0 -19.767827812669456 0.0 0.0 0.0 
0.0 0.0 -19.758174538803562 0.0 0.0 0.0 
0.0 0.0 -19.74832586913578 0.0 0.0 0.0 
0.0 0.0 -19.7382819010632 0.0 0.0 0.0 
0.0 0.0 -19.728042733914293 0.0 0.0 0.0 
0.0 0.0 -19.71760846894792 0.0 0.0 0.0 
0.0 0.0 -19.70697920935233 0.0 0.0 0.0 
0.0 0.0 -19.69615506024416 0.0 0.0 0.0 
0.0 0.0 -19.685136128667374 0.0 0.0 0.0 
0.0 0.0 -19.673922523592204 0.0 0.0 0.0 
0.0 0.0 -19.662514355914084 0.0 0.0 0.0 
0.0 0.0 -19.650911738452553 0.0 0.0 0.0 
0.0 0.0 -19.639114785950134 0.0 0.0 0.0 
0.0 0.0 -19.62712361507119 0.0 0.0 0.0 
0.0 0.0 -19.614938344400795 0.0 0.0 0.0 
0.0 0.0 -19.60255909444353 0.0 0.0 0.0 
0.0 0.0 -19.589985987622327 0.0 0.0 0.0 
0.0 0.0 -19.57721914827723 0.0 0.0 0.0 
0.0 0.0 -19.56425870266417 0.0 0.0 0.0 
0.0 0.0 -19.551104778953725 0.0 0.0 0.0 
0.0 0.0 -19.537757507229852 0.0 0.0 0.0 
0.0 0.0 -19.52421701948859 0.0 0.0 0.0 
0.0 0.0 -19.510483449636776 0.0 0.0 0.0 
0.0 0.0 -19.496556933490684 0.0 0.0 0.0 
0.0 0.0 -19.482437608774724 0.0 0.0 0.0 
0.0 0.0 -19.468125615120055 0.0 0.0 0.0 
0.0 0.0 -19.4536210940632 0.0 0.0 0.0 
0.0 0.0 -19.438924189044673 0.0 0.0 0.0 
0.0 0.0 -19.424035045407525 0.0 0.0 0.0 
0.0 0.0 -19.40895381039594 0.0 0.0 0.0 
0.0 0.0 -19.393680633153753 0.0 0.0 0.0 
0.0 0.0 -19.37821566472299 0.0 0.0 0.0 
0.0 0.0 -19.362559058042375 0.0 0.0 0.0 
0.0 0.0 -19.346710967945803 0.0 0.0 0.0 
0.0 0.0 -19.330671551160826 0.0 0.0 0.0 
0.0 0.0 -19.314440966307092 0.0 0.0 0.0 
0.0 0.0 -19.29801937389478 0.0 0.0 0.0 
0.0 0.0 -19.281406936323013 0.0 0.0 0.0 
0.0 0.0 -19.264603817878253 0.0 0.0 0.0 
0.0 0.0 -19.24761018473267 0.0 0.0 0.0 
0.0 0.0 -19.23042620494251 0.0 0.0 0.0 
0.0 0.0 -19.21305204844642 0.0 0.0 0.0 
0.0 0.0 -19.19548788706378 0.0 0.0 0.0 
0.0 0.0 -19.177733894492995 0.0 0.0 0.0 
0.0 0.0 -19.15979024630978 0.0 0.0 0.0 
0.0 0.0 -19.14165711996542 0.0 0.0 0.0 
0.0 0.0 -19.12333469478502 0.0 0.0 0.0 
0.0 0.0 -19.10482315196574 0.0 0.0 0.0 
0.0 0.0 -19.086122674574977 0.0 0.0 0.0 
0.0 0.0 -19.067233447548585 0.0 0.0 0.0 
0.0 0.0 -19.048155657689033 0.0 0.0 0.0 
0.0 0.0 -19.02888949366353 0.0 0.0 0.0 
0.0 0.0 -19.00943514600223 0.0 0.0 0.0 
0.0 0.0 -18.98979280709627 0.0 0.0 0.0 
0.0 0.0 -18.969962671195905 0.0 0.0 0.0 
0.0 0.0 -18.9499449344086 0.0 0.0 0.0 
0.0 0.0 -18.92973979469705 0.0 0.0 0.0 
0.0 0.0 -18.90934745187727 0.0 0.0 0.0 
0.0 0.0 -18.888768107616578 0.0 0.0 0.0 
0.0 0.0 -18.868001965431628 0.0 0.0 0.0 
0.0 0.0 -18.847049230686373 0.0 0.0 0.0 
0.0 0.0 -18.825910110590065 0.0 0.0 0.0 
0.0 0.0 -18.80458481419518 0.0 0.0 0.0 
0.0 0.0 -18.783073552395354 0.0 0.0 0.0 
0.0 0.0 -18.76137653792332 0.0 0.0 0.0 
0.0 0.0 -18.739493985348762 0.0 0.0 0.0 
0.0 0.0 -18.71742611107624 0.0 0.0 0.0 
0.0 0.0 -18.695173133343022 0.0 0.0 0.0 
0.0 0.0 -18.672735272216926 0.0 0.0 0.0 
0.0 0.0 -18.65011274959415 0.0 0.0 0.0 
0.0 0.0 -18.62730578919708 0.0 0.0 0.0 
0.0 0.0 -18.604314616572086 0.0 0.0 0.0 
0.0 0.0 -18.581139459087254 0.0 0.0 0.0 
0.0 0.0 -18.557780545930186 0.0 0.0 0.0 
0.0 0.0 -18.5342381081057 0.0 0.0 0.0 
0.0 0.0 -18.51051237843356 0.0 0.0 0.0 
0.0 0.0 -18.486603591546167 0.0 0.0 0.0 
0.0 0.0 -18.462511983886248 0.0 0.0 0.0 
0.0 0.0 -18.438237793704502 0.0 0.0 0.0 
0.0 0.0 -18.413781261057267 0.0 0.0 0.0 
0.0 0.0 -18.38914262780411 0.0 0.0 0.0 
0.0 0.0 -18.36432213760548 0.0 0.0 0.0 
0.0 0.0 -18.339320035920267 0.0 0.0 0.0 
0.0 0.0 -18.314136570003384 0.0 0.0 0.0 
0.0 0.0 -18.288771988903317 0.0 0.0 0.0 
0.0 0.0 -18.263226543459666 0.0 0.0 0.0 
0.0 0.0 -18.237500486300675 0.0 0.0 0.0 
0.0 0.0 -18.211594071840715 0.0 0.0 0.0 
0.0 0.0 -18.18550755627777 0.0 0.0 0.0 
0.0 0.0 -18.159241197590926 0.0 0.0 0.0 
0.0 0.0 -18.132795255537783 0.0 0.0 0.0 
0.0 0.0 -18.10616999165193 0.0 0.0 0.0 
0.0 0.0 -18.079365669240325 0.0 0.0 0.0 
0.0 0.0 -18.052382553380678 0.0 0.0 0.0 
0.0 0.0 -18.025220910918897 0.0 0.0 0.0 
0.0 0.0 -17.997881010466365 0.0 0.0 0.0 
0.0 0.0 -17.970363122397345 0.0 0.0 0.0 
0.0 0.0 -17.94266751884628 0.0 0.0 0.0 
0.0 0.0 -17.91479447370511 0.0 0.0 0.0 
0.0 0.0 -17.886744262620546 0.0 0.0 0.0 
0.0 0.0 -17.85851716299137 0.0 0.0 0.0 
0.0 0.0 -17.83011345396568 0.0 0.0 0.0 
0.0 0.0 -17.80153341643812 0.0 0.0 0.0 
0.0 0.0 -17.772777333047117 0.0 0.0 0.0 
0.0 0.0 -17.743845488172084 0.0 0.0 0.0 
0.0 0.0 -17.714738167930587 0.0 0.0 0.0 
0.0 0.0 -17.685455660175556 0.0 0.0 0.0 
0.0 0.0 -17.655998254492395 0.0 0.0 0.0 
0.0 0.0 -17.62636624219614 0.0 0.0 0.0 
0.0 0.0 -17.59655991632859 0.0 0.0 0.0 
0.0 0.0 -17.566579571655375 0.0 0.0 0.0 
0.0 0.0 -17.536425504663068 0.0 0.0 0.0 
0.0 0.0 -17.506098013556258 0.0 0.0 0.0 
0.0 0.0 -17.475597398254575 0.0 0.0 0.0 
0.0 0.0 -17.444923960389726 0.0 0.0 0.0 
0.0 0.0 -17.41407800330255 0.0 0.0 0.0 
0.0 0.0 -17.38305983203998 0.0 0.0 0.0 
0.0 0.0 -17.351869753352027 0.0 0.0 0.0 
0.0 0.0 -17.320508075688775 0.0 0.0 0.0 
0.0 0.0 -17.288975109197303 0.0 0.0 0.0 
0.0 0.0 -17.25727116571862 0.0 0.0 0.0 
0.0 0.0 -17.225396558784617 0.0 0.0 0.0 
0.0 0.0 -17.193351603614907 0.0 0.0 0.0 
0.0 0.0 -17.16113661711375 0.0 0.0 0.0 
0.0 0.0 -17.12875191786692 0.0 0.0 0.0 
0.0 0.0 -17.09619782613852 0.0 0.0 0.0 
0.0 0.0 -17.063474663867854 0.0 0.0 0.0 
0.0 0.0 -17.030582754666227 0.0 0.0 0.0 
0.0 0.0 -16.997522423813734 0.0 0.0 0.0 
0.0 0.0 -16.964293998256043 0.0 0.0 0.0 
0.0 0.0 -16.93089780660121 0.0 0.0 0.0 
0.0 0.0 -16.89733417911636 0.0 0.0 0.0 
0.0 0.0 -16.86360344772445 0.0 0.0 0.0 
0.0 0.0 -16.829705946001006 0.0 0.0 0.0 
0.0 0.0 -16.795642009170795 0.0 0.0 0.0 
0.0 0.0 -16.761411974104526 0.0 0.0 0.0 
0.0 0.0 -16.727016179315523 0.0 0.0 0.0 
0.0 0.0 -16.69245496495635 0.0 0.0 0.0 
0.0 0.0 -16.65772867281547 0.0 0.0 0.0 
0.0 0.0 -16.62283764631387 0.0 0.0 0.0 
0.0 0.0 -16.58778223050166 0.0 0.0 0.0 
0.0 0.0 -16.552562772054625 0.0 0.0 0.0 
0.0 0.0 -16.517179619270866 0.0 0.0 0.0 
0.0 0.0 -16.481633122067294 0.0 0.0 0.0 
0.0 0.0 -16.445923631976186 0.0 0.0 0.0 
0.0 0.0 -16.41005150214175 0.0 0.0 0.0 
0.0 0.0 -16.374017087316563 0.0 0.0 0.0 
0.0 0.0 -16.33782074385811 0.0 0.0 0.0 
0.0 0.0 -16.30146282972525 0.0 0.0 0.0 
0.0 0.0 -16.26494370447466 0.0 0.0 0.0 
0.0 0.0 -16.228263729257314 0.0 0.0 0.0 
0.0 0.0 -16.19142326681488 0.0 0.0 0.0 
0.0 0.0 -16.15442268147614 0.0 0.0 0.0 
0.0 0.0 -16.117262339153385 0.0 0.0 0.0 
0.0 0.0 -16.07994260733881 0.0 0.0 0.0 
0.0 0.0 -16.04246385510088 0.0 0.0 0.0 
0.0 0.0 -16.00482645308064 0.0 0.0 0.0 
0.0 0.0 -15.967030773488123 0.0 0.0 0.0 
0.0 0.0 -15.929077190098582 0.0 0.0 0.0 
0.0 0.0 -15.890966078248871 0.0 0.0 0.0 
0.0 0.0 -15.852697814833697 0.0 0.0 0.0 
0.0 0.0 -15.814272778301879 0.0 0.0 0.0 
0.0 0.0 -15.775691348652629 0.0 0.0 0.0 
0.0 0.0 -15.736953907431806 0.0 0.0 0.0 
0.0 0.0 -15.698060837728091 0.0 0.0 0.0 
0.0 0.0 -15.659012524169263 0.0 0.0 0.0 
0.0 0.0 -15.619809352918352 0.0 0.0 0.0 
0.0 0.0 -15.580451711669824 0.0 0.0 0.0 
0.0 0.0 -15.540939989645771 0.0 0.0 0.0 
0.0 0.0 -15.501274577592032 0.0 0.0 0.0 
0.0 0.0 -15.461455867774356 0.0 0.0 0.0 
0.0 0.0 -15.421484253974496 0.0 0.0 0.0 
0.0 0.0 -15.381360131486339 0.0 0.0 0.0 
0.0 0.0 -15.341083897111975 0.0 0.0 0.0 
0.0 0.0 -15.300655949157797 0.0 0.0 0.0 
0.0 0.0 -15.260076687430548 0.0 0.0 0.0 
0.0 0.0 -15.219346513233349 0.0 0.0 0.0 
0.0 0.0 -15.17846582936178 0.0 0.0 0.0 
0.0 0.0 -15.13743504009984 0.0 0.0 0.0 
0.0 0.0 -15.09625455121598 0.0 0.0 0.0 
0.0 0.0 -15.054924769959095 0.0 0.0 0.0 
0.0 0.0 -15.013446105054491 0.0 0.0 0.0 
0.0 0.0 -14.971818966699812 0.0 0.0 0.0 
0.0 0.0 -14.930043766561043 0.0 0.0 0.0 
0.0 0.0 -14.88812091776838 0.0 0.0 0.0 
0.0 0.0 -14.846050834912184 0.0 0.0 0.0 
0.0 0.0 -14.803833934038872 0.0 0.0 0.0 
0.0 0.0 -14.761470632646784 0.0 0.0 0.0 
0.0 0.0 -14.718961349682068 0.0 0.0 0.0 
0.0 0.0 -14.676306505534553 0.0 0.0 0.0 
0.0 0.0 -14.633506522033567 0.0 0.0 0.0 
0.0 0.0 -14.590561822443767 0.0 0.0 0.0 
0.0 0.0 -14.547472831460977 0.0 0.0 0.0 
0.0 0.0 -14.504239975207947 0.0 0.0 0.0 
0.0 0.0 -14.460863681230183 0.0 0.0 0.0 
0.0 0.0 -14.417344378491702 0.0 0.0 0.0 
0.0 0.0 -14.373682497370769 0.0 0.0 0.0 
0.0 0.0 -14.329878469655666 0.0 0.0 0.0 
0.0 0.0 -14.285932728540418 0.0 0.0 0.0 
0.0 0.0 -14.241845708620511 0.0 0.0 0.0 
0.0 0.0 -14.197617845888571 0.0 0.0 0.0 
0.0 0.0 -14.15324957773009 0.0 0.0 0.0 
0.0 0.0 -14.108741342919068 0.0 0.0 0.0 
0.0 0.0 -14.064093581613674 0.0 0.0 0.0 
0.0 0.0 -14.019306735351948 0.0 0.0 0.0 
0.0 0.0 -13.97438124704735 0.0 0.0 0.0 
0.0 0.0 -13.929317560984435 0.0 0.0 0.0 
0.0 0.0 -13.884116122814456 0.0 0.0 0.0 
0.0 0.0 -13.838777379550924 0.0 0.0 0.0 
0.0 0.0 -13.793301779565237 0.0 0.0 0.0 
0.0 0.0 -13.747689772582207 0.0 0.0 0.0 
0.0 0.0 -13.701941809675622 0.0 0.0 0.0 
0.0 0.0 -13.656058343263782 0.0 0.0 0.0 
0.0 0.0 -13.610039827105048 0.0 0.0 0.0 
0.0 0.0 -13.563886716293329 0.0 0.0 0.0 
0.0 0.0 -13.51759946725358 0.0 0.0 0.0 
0.0 0.0 -13.47117853773732 0.0 0.0 0.0 
0.0 0.0 -13.42462438681806 0.0 0.0 0.0 
0.0 0.0 -13.377937474886787 0.0 0.0 0.0 
0.0 0.0 -13.331118263647442 0.0 0.0 0.0 
0.0 0.0 -13.284167216112284 0.0 0.0 0.0 
0.0 0.0 -13.23708479659736 0.0 0.0 0.0 
0.0 0.0 -13.189871470717922 0.0 0.0 0.0 
0.0 0.0 -13.142527705383774 0.0 0.0 0.0 
0.0 0.0 -13.095053968794698 0.0 0.0 0.0 
0.0 0.0 -13.047450730435822 0.0 0.0 0.0 
0.0 0.0 -12.999718461072938 0.0 0.0 0.0 
0.0 0.0 -12.951857632747883 0.0 0.0 0.0 
0.0 0.0 -12.903868718773868 0.0 0.0 0.0 
0.0 0.0 -12.85575219373079 0.0 0.0 0.0 
0.0 0.0 -12.807508533460519 0.0 0.0 0.0 
0.0 0.0 -12.759138215062242 0.0 0.0 0.0 
0.0 0.0 -12.71064171688769 0.0 0.0 0.0 
0.0 0.0 -12.662019518536422 0.0 0.0 0.0 
0.0 0.0 -12.613272100851145 0.0 0.0 0.0 
0.0 0.0 -12.564399945912852 0.0 0.0 0.0 
0.0 0.0 -12.515403537036118 0.0 0.0 0.0 
0.0 0.0 -12.466283358764338 0.0 0.0 0.0 
0.0 0.0 -12.417039896864875 0.0 0.0 0.0 
0.0 0.0 -12.367673638324305 0.0 0.0 0.0 
0.0 0.0 -12.318185071343596 0.0 0.0 0.0 
0.0 0.0 -12.268574685333242 0.0 0.0 0.0 
0.0 0.0 -12.218842970908462 0.0 0.0 0.0 
0.0 0.0 -12.168990419884341 0.0 0.0 0.0 
0.0 0.0 -12.119017525270968 0.0 0.0 0.0 
0.0 0.0 -12.068924781268525 0.0 0.0 0.0 
0.0 0.0 -12.018712683262462 0.0 0.0 0.0 
0.0 0.0 -11.968381727818539 0.0 0.0 0.0 
0.0 0.0 -11.917932412677953 0.0 0.0 0.0 
0.0 0.0 -11.86736523675241 0.0 0.0 0.0 
0.0 0.0 -11.816680700119166 0.0 0.0 0.0 
0.0 0.0 -11.765879304016105 0.0 0.0 0.0 
0.0 0.0 -11.714961550836794 0.0 0.0 0.0 
0.0 0.0 -11.663927944125469 0.0 0.0 0.0 
0.0 0.0 -11.61277898857211 0.0 0.0 0.0 
0.0 0.0 -11.56151519000742 0.0 0.0 0.0 
0.0 0.0 -11.510137055397806 0.0 0.0 0.0 
0.0 0.0 -11.458645092840396 0.0 0.0 0.0 
0.0 0.0 -11.407039811558029 0.0 0.0 0.0 
0.0 0.0 -11.35532172189416 0.0 0.0 0.0 
0.0 0.0 -11.303491335307857 0.0 0.0 0.0 
0.0 0.0 -11.251549164368747 0.0 0.0 0.0 
0.0 0.0 -11.199495722751909 0.0 0.0 0.0 
0.0 0.0 -11.147331525232842 0.0 0.0 0.0 
0.0 0.0 -11.095057087682346 0.0 0.0 0.0 
0.0 0.0 -11.042672927061412 0.0 0.0 0.0 
0.0 0.0 -10.990179561416124 0.0 0.0 0.0 
0.0 0.0 -10.937577509872547 0.0 0.0 0.0 
0.0 0.0 -10.884867292631583 0.0 0.0 0.0 
0.0 0.0 -10.832049430963801 0.0 0.0 0.0 
0.0 0.0 -10.779124447204333 0.0 0.0 0.0 
0.0 0.0 -10.726092864747649 0.0 0.0 0.0 
0.0 0.0 -10.672955208042442 0.0 0.0 0.0 
0.0 0.0 -10.619712002586407 0.0 0.0 0.0 
0.0 0.0 -10.566363774921035 0.0 0.0 0.0 
0.0 0.0 -10.512911052626418 0.0 0.0 0.0 
0.0 0.0 -10.459354364316056 0.0 0.0 0.0 
0.0 0.0 -10.405694239631583 0.0 0.0 0.0 
0.0 0.0 -10.351931209237568 0.0 0.0 0.0 
0.0 0.0 -10.298065804816257 0.0 0.0 0.0 
0.0 0.0 -10.244098559062287 0.0 0.0 0.0 
0.0 0.0 -10.190030005677468 0.0 0.0 0.0 
0.0 0.0 -10.135860679365452 0.0 0.0 0.0 
0.0 0.0 -10.081591115826496 0.0 0.0 0.0 
0.0 0.0 -10.02722185175212 0.0 0.0 0.0 
0.0 0.0 -9.972753424819835 0.0 0.0 0.0 
0.0 0.0 -9.91818637368779 0.0 0.0 0.0 
0.0 0.0 -9.863521237989485 0.0 0.0 0.0 
0.0 0.0 -9.808758558328412 0.0 0.0 0.0 
0.0 0.0 -9.75389887627269 0.0 0.0 0.0 
0.0 0.0 -9.698942734349759 0.0 0.0 0.0 
0.0 0.0 -9.64389067604096 0.0 0.0 0.0 
0.0 0.0 -9.588743245776199 0.0 0.0 0.0 
0.0 0.0 -9.53350098892855 0.0 0.0 0.0 
0.0 0.0 -9.478164451808867 0.0 0.0 0.0 
0.0 0.0 -9.422734181660358 0.0 0.0 0.0 
0.0 0.0 -9.367210726653216 0.0 0.0 0.0 
0.0 0.0 -9.311594635879143 0.0 0.0 0.0 
0.0 0.0 -9.255886459345978 0.0 0.0 0.0 
0.0 0.0 -9.200086747972222 0.0 0.0 0.0 
0.0 0.0 -9.144196053581588 0.0 0.0 0.0 
0.0 0.0 -9.088214928897552 0.0 0.0 0.0 
0.0 0.0 -9.0321439275379 0.0 0.0 0.0 
0.0 0.0 -8.975983604009247 0.0 0.0 0.0 
0.0 0.0 -8.919734513701519 0.0 0.0 0.0 
0.0 0.0 -8.863397212882525 0.0 0.0 0.0 
0.0 0.0 -8.806972258692396 0.0 0.0 0.0 
0.0 0.0 -8.750460209138083 0.0 0.0 0.0 
0.0 0.0 -8.693861623087912 0.0 0.0 0.0 
0.0 0.0 -8.637177060265952 0.0 0.0 0.0 
0.0 0.0 -8.58040708124653 0.0 0.0 0.0 
0.0 0.0 -8.52355224744871 0.0 0.0 0.0 
0.0 0.0 -8.46661312113069 0.0 0.0 0.0 
0.0 0.0 -8.409590265384285 0.0 0.0 0.0 
0.0 0.0 -8.352484244129341 0.0 0.0 0.0 
0.0 0.0 -8.295295622108148 0.0 0.0 0.0 
0.0 0.0 -8.238024964879848 0.0 0.0 0.0 
0.0 0.0 -8.180672838814917 0.0 0.0 0.0 
0.0 0.0 -8.123239811089451 0.0 0.0 0.0 
0.0 0.0 -8.065726449679625 0.0 0.0 0.0 
0.0 0.0 -8.00813332335608 0.0 0.0 0.0 
0.0 0.0 -7.950461001678261 0.0 0.0 0.0 
0.0 0.0 -7.8927100549888145 0.0 0.0 0.0 
0.0 0.0 -7.834881054407949 0.0 0.0 0.0 
0.0 0.0 -7.776974571827756 0.0 0.0 0.0 
0.0 0.0 -7.718991179906577 0.0 0.0 0.0 
0.0 0.0 -7.660931452063352 0.0 0.0 0.0 
0.0 0.0 -7.602795962471936 0.0 0.0 0.0 
0.0 0.0 -7.544585286055398 0.0 0.0 0.0 
0.0 0.0 -7.486299998480382 0.0 0.0 0.0 
0.0 0.0 -7.42794067615137 0.0 0.0 0.0 
0.0 0.0 -7.369507896204994 0.0 0.0 0.0 
0.0 0.0 -7.311002236504381 0.0 0.0 0.0 
0.0 0.0 -7.252424275633343 0.0 0.0 0.0 
0.0 0.0 -7.193774592890715 0.0 0.0 0.0 
0.0 0.0 -7.13505376828464 0.0 0.0 0.0 
0.0 0.0 -7.076262382526775 0.0 0.0 0.0 
0.0 0.0 -7.017401017026607 0.0 0.0 0.0 
0.0 0.0 -6.958470253885681 0.0 0.0 0.0 
0.0 0.0 -6.899470675891816 0.0 0.0 0.0 
0.0 0.0 -6.840402866513378 0.0 0.0 0.0 
0.0 0.0 -6.781267409893504 0.0 0.0 0.0 
0.0 0.0 -6.722064890844325 0.0 0.0 0.0 
0.0 0.0 -6.662795894841151 0.0 0.0 0.0 
0.0 0.0 -6.60346100801674 0.0 0.0 0.0 
0.0 0.0 -6.544060817155442 0.0 0.0 0.0 
0.0 0.0 -6.484595909687415 0.0 0.0 0.0 
0.0 0.0 -6.4250668736828755 0.0 0.0 0.0 
0.0 0.0 -6.365474297846177 0.0 0.0 0.0 
0.0 0.0 -6.305818771510051 0.0 0.0 0.0 
0.0 0.0 -6.246100884629796 0.0 0.0 0.0 
0.0 0.0 -6.1863212277773805 0.0 0.0 0.0 
0.0 0.0 -6.126480392135667 0.0 0.0 0.0 
0.0 0.0 -6.066578969492537 0.0 0.0 0.0 
0.0 0.0 -6.006617552235017 0.0 0.0 0.0 
0.0 0.0 -5.9465967333434495 0.0 0.0 0.0 
0.0 0.0 -5.886517106385636 0.0 0.0 0.0 
0.0 0.0 -5.826379265510949 0.0 0.0 0.0 
0.0 0.0 -5.766183805444437 0.0 0.0 0.0 
0.0 0.0 -5.705931321481001 0.0 0.0 0.0 
0.0 0.0 -5.645622409479435 0.0 0.0 0.0 
0.0 0.0 -5.585257665856599 0.0 0.0 0.0 
0.0 0.0 -5.52483768758149 0.0 0.0 0.0 
0.0 0.0 -5.4643630721693235 0.0 0.0 0.0 
0.0 0.0 -5.403834417675645 0.0 0.0 0.0 
0.0 0.0 -5.343252322690434 0.0 0.0 0.0 
0.0 0.0 -5.282617386332129 0.0 0.0 0.0 
0.0 0.0 -5.221930208241764 0.0 0.0 0.0 
0.0 0.0 -5.161191388577009 0.0 0.0 0.0 
0.0 0.0 -5.100401528006218 0.0 0.0 0.0 
0.0 0.0 -5.039561227702508 0.0 0.0 0.0 
0.0 0.0 -4.978671089337833 0.0 0.0 0.0 
0.0 0.0 -4.917731715077011 0.0 0.0 0.0 
0.0 0.0 -4.856743707571745 0.0 0.0 0.0 
0.0 0.0 -4.795707669954726 0.0 0.0 0.0 
0.0 0.0 -4.734624205833597 0.0 0.0 0.0 
0.0 0.0 -4.673493919285047 0.0 0.0 0.0 
0.0 0.0 -4.612317414848807 0.0 0.0 0.0 
0.0 0.0 -4.551095297521655 0.0 0.0 0.0 
0.0 0.0 -4.489828172751455 0.0 0.0 0.0 
0.0 0.0 -4.428516646431191 0.0 0.0 0.0 
0.0 0.0 -4.367161324892913 0.0 0.0 0.0 
0.0 0.0 -4.305762814901807 0.0 0.0 0.0 
0.0 0.0 -4.244321723650163 0.0 0.0 0.0 
0.0 0.0 -4.182838658751348 0.0 0.0 0.0 
0.0 0.0 -4.121314228233849 0.0 0.0 0.0 
0.0 0.0 -4.059749040535229 0.0 0.0 0.0 
0.0 0.0 -3.998143704496098 0.0 0.0 0.0 
0.0 0.0 -3.936498829354111 0.0 0.0 0.0 
0.0 0.0 -3.87481502473796 0.0 0.0 0.0 
0.0 0.0 -3.813092900661294 0.0 0.0 0.0 
0.0 0.0 -3.751333067516742 0.0 0.0 0.0 
0.0 0.0 -3.689536136069851 0.0 0.0 0.0 
0.0 0.0 -3.627702717453021 0.0 0.0 0.0 
0.0 0.0 -3.5658334231595235 0.0 0.0 0.0 
0.0 0.0 -3.50392886503738 0.0 0.0 0.0 
0.0 0.0 -3.4419896552833857 0.0 0.0 0.0 
0.0 0.0 -3.3800164064369826 0.0 0.0 0.0 
0.0 0.0 -3.318009731374273 0.0 0.0 0.0 
0.0 0.0 -3.2559702433018884 0.0 0.0 0.0 
0.0 0.0 -3.1938985557509865 0.0 0.0 0.0 
0.0 0.0 -3.1317952825711566 0.0 0.0 0.0 
0.0 0.0 -3.069661037924324 0.0 0.0 0.0 
0.0 0.0 -3.0074964362787378 0.0 0.0 0.0 
0.0 0.0 -2.945302092402831 0.0 0.0 0.0 
0.0 0.0 -2.8830786213591697 0.0 0.0 0.0 
0.0 0.0 -2.8208266384983864 0.0 0.0 0.0 
0.0 0.0 -2.758546759453076 0.0 0.0 0.0 
0.0 0.0 -2.696239600131685 0.0 0.0 0.0 
0.0 0.0 -2.6339057767124774 0.0 0.0 0.0 
0.0 0.0 -2.5715459056373744 0.0 0.0 0.0 
0.0 0.0 -2.509160603605918 0.0 0.0 0.0 
0.0 0.0 -2.446750487569146 0.0 0.0 0.0 
0.0 0.0 -2.3843161747234736 0.0 0.0 0.0 
0.0 0.0 -2.321858282504607 0.0 0.0 0.0 
0.0 0.0 -2.2593774285814554 0.0 0.0 0.0 
0.0 0.0 -2.1968742308500038 0.0 0.0 0.0 
0.0 0.0 -2.1343493074271773 0.0 0.0 0.0 
0.0 0.0 -2.0718032766447902 0.0 0.0 0.0 
0.0 0.0 -2.009236757043368 0.0 0.0 0.0 
0.0 0.0 -1.9466503673660485 0.0 0.0 0.0 
0.0 0.0 -1.884044726552526 0.0 0.0 0.0 
0.0 0.0 -1.8214204537328218 0.0 0.0 0.0 
0.0 0.0 -1.7587781682212265 0.0 0.0 0.0 
0.0 0.0 -1.69611848951019 0.0 0.0 0.0 
0.0 0.0 -1.633442037264135 0.0 0.0 0.0 
0.0 0.0 -1.5707494313133905 0.0 0.0 0.0 
0.0 0.0 -1.5080412916480348 0.0 0.0 0.0 
0.0 0.0 -1.4453182384117478 0.0 0.0 0.0 
0.0 0.0 -1.3825808918956946 0.0 0.0 0.0 
0.0 0.0 -1.3198298725324096 0.0 0.0 0.0 
0.0 0.0 -1.2570658008896431 0.0 0.0 0.0 
0.0 0.0 -1.194289297664198 0.0 0.0 0.0 
0.0 0.0 -1.131500983675852 0.0 0.0 0.0 
0.0 0.0 -1.0687014798611583 0.0 0.0 0.0 
0.0 0.0 -1.0058914072673206 0.0 0.0 0.0 
0.0 0.0 -0.9430713870461149 0.0 0.0 0.0 
0.0 0.0 -0.8802420404476397 0.0 0.0 0.0 
0.0 0.0 -0.8174039888142338 0.0 0.0 0.0 
0.0 0.0 -0.7545578535743507 0.0 0.0 0.0 
0.0 0.0 -0.6917042562363493 0.0 0.0 0.0 
0.0 0.0 -0.628843818382411 0.0 0.0 0.0 
0.0 0.0 -0.5659771616623656 0.0 0.0 0.0 
0.0 0.0 -0.5031049077875255 0.0 0.0 0.0 
0.0 0.0 -0.4402276785245468 0.0 0.0 0.0 
0.0 0.0 -0.37734609568934213 0.0 0.0 0.0 
0.0 0.0 -0.3144607811408251 0.0 0.0 0.0 
0.0 0.0 -0.25157235677482226 0.0 0.0 0.0 
0.0 0.0 -0.18868144451794092 0.0 0.0 0.0 
0.0 0.0 -0.12578866632135677 0.0 0.0 0.0 
0.0 0.0 -0.06289464415472487 0.0 0.0 0.0 
0.0 0.0 -2.4492935982947065e-15 0.0 0.0 0.0 
