-0.07385278701782205 -0.10034559249877972 -0.40952166557312 -0.024532866552472117 -0.03473575800657272 0.004757236540317539 
-0.07385278701782205 -0.10034559249877972 -0.40952166557312 -0.024532866552472117 -0.03473575800657272 0.004757236540317539 
-0.046429882049560334 -0.11832616806030316 -0.29129609107971177 -0.024548631981015208 -0.03477029889822006 0.006998073160648349 
-0.046429882049560334 -0.11832616806030316 -0.29129609107971177 -0.024548631981015208 -0.03477029889822006 0.006998073160648349 
-0.0603563880920408 -0.07741830825805707 -0.24933346748352037 -0.023177740052342417 -0.035507667958736416 0.0047446376085281405 
-0.0603563880920408 -0.07741830825805707 -0.24933346748352037 -0.023177740052342417 -0.035507667958736416 0.0047446376085281405 
-0.07487798690795877 -0.10306928634643597 -0.2901225948333739 -0.026002463772892954 -0.03715722650289535 0.004718590378761295 
-0.07487798690795877 -0.10306928634643597 -0.2901225948333739 -0.026002463772892954 -0.03715722650289535 0.004718590378761295 
-0.07433820724487283 -0.11768815994262738 -0.29007014274597154 -0.024499018564820292 -0.03473125785589218 0.003618288636207584 
-0.07433820724487283 -0.11768815994262738 -0.29007014274597154 -0.024499018564820292 -0.03473125785589218 0.003618288636207584 
-0.047380695343017365 -0.08934782028198285 -0.25035389900207505 -0.028870125189423564 -0.03551151245832443 0.00580975025892258 
-0.047380695343017365 -0.08934782028198285 -0.25035389900207505 -0.028870125189423564 -0.03551151245832443 0.00580975025892258 
-0.06015039443969705 -0.11072729110717816 -0.2516108417510985 -0.025922370031476023 -0.030680973231792447 0.005856353640556339 
-0.06015039443969705 -0.11072729110717816 -0.2516108417510985 -0.025922370031476023 -0.030680973231792447 0.005856353640556339 
-0.10212636947631815 -0.11769769668579144 -0.29165801048278794 -0.024539005830883982 -0.03475745409727096 0.005302872359752658 
-0.10212636947631815 -0.11769769668579144 -0.29165801048278794 -0.024539005830883982 -0.03475745409727096 0.005302872359752658 
-0.07414079666137674 -0.0859985160827641 -0.250896062850952 -0.024579328373074534 -0.03309397786855697 0.005859557390213016 
-0.07414079666137674 -0.0859985160827641 -0.250896062850952 -0.024579328373074534 -0.03309397786855697 0.005859557390213016 
-0.04634119033813455 -0.10245130538940472 -0.2900167369842528 -0.02592818893492222 -0.03228144735097885 0.004732977449893955 
-0.04634119033813455 -0.10245130538940472 -0.2900167369842528 -0.02592818893492222 -0.03228144735097885 0.004732977449893955 
-0.10160184860229471 -0.11648748397827191 -0.37134179115295396 -0.024507899656891825 -0.033140111863613125 0.00531798213720322 
-0.10160184860229471 -0.11648748397827191 -0.37134179115295396 -0.024507899656891825 -0.033140111863613125 0.00531798213720322 
-0.07419324874877908 -0.10193918228149457 -0.2506981754302977 -0.024530907049775126 -0.033099133670330044 0.00473785758018494 
-0.07419324874877908 -0.10193918228149457 -0.2506981754302977 -0.024530907049775126 -0.033099133670330044 0.00473785758018494 
-0.06083036422729471 -0.111222248077393 -0.17059048652648912 -0.02453273989260197 -0.034716833531856534 0.004163671135902408 
-0.06083036422729471 -0.111222248077393 -0.17059048652648912 -0.02453273989260197 -0.034716833531856534 0.004163671135902408 
-0.11592222213745096 -0.10981653213501019 -0.2525120639801024 -0.024551746323704722 -0.03313012808561325 0.005859818160533908 
-0.11592222213745096 -0.10981653213501019 -0.2525120639801024 -0.024551746323704722 -0.03313012808561325 0.005859818160533908 
-0.07473302841186502 -0.08732126235961957 -0.25075062751770005 -0.02603435225784779 -0.03552507251501083 0.005838159322738651 
-0.07473302841186502 -0.08732126235961957 -0.25075062751770005 -0.02603435225784779 -0.03552507251501083 0.005838159322738651 
-0.08807970046997049 -0.12585065841674847 -0.17212590217590318 -0.023069281950592997 -0.032317061126232144 0.004747953116893772 
-0.08807970046997049 -0.12585065841674847 -0.17212590217590318 -0.023069281950592997 -0.032317061126232144 0.004747953116893772 
-0.0742113685607908 -0.13464735031127972 -0.33117732048034654 -0.027278733327984812 -0.03150467962026596 0.004165727496147159 
-0.0742113685607908 -0.13464735031127972 -0.33117732048034654 -0.027278733327984812 -0.03150467962026596 0.004165727496147159 
-0.07469583511352518 -0.13607213973999066 -0.25243147850036607 -0.02733970142900944 -0.03314377754926681 0.005838725566864017 
-0.07469583511352518 -0.13607213973999066 -0.25243147850036607 -0.02733970142900944 -0.03314377754926681 0.005838725566864017 
-0.047049770355224396 -0.10327623367309613 -0.289472665786743 -0.025992345884442332 -0.037152785956859585 0.004722136855125431 
-0.047049770355224396 -0.10327623367309613 -0.289472665786743 -0.025992345884442332 -0.037152785956859585 0.004722136855125431 
-0.08830476760864236 -0.09326551437377972 -0.329323854446411 -0.024563361778855326 -0.036331016719341275 0.003613103032112125 
-0.08830476760864236 -0.09326551437377972 -0.329323854446411 -0.024563361778855326 -0.036331016719341275 0.003613103032112125 
-0.06134439468383768 -0.06429098129272504 -0.16916283607482896 -0.026073281541466715 -0.03708900898694992 0.0041311568021774325 
-0.06134439468383768 -0.06429098129272504 -0.16916283607482896 -0.026073281541466715 -0.03708900898694992 0.0041311568021774325 
-0.07443166732788065 -0.15011404037475629 -0.3710885906219481 -0.025885839834809306 -0.035598833262920376 0.004744823873043064 
-0.07443166732788065 -0.15011404037475629 -0.3710885906219481 -0.025885839834809306 -0.035598833262920376 0.004744823873043064 
-0.06034494400024393 -0.09387968063354535 -0.29004200935363755 -0.024566587880253794 -0.03472130388021469 0.005302619040012363 
-0.06034494400024393 -0.09387968063354535 -0.29004200935363755 -0.024566587880253794 -0.03472130388021469 0.005302619040012363 
-0.07372117996215799 -0.1007537651062016 -0.3708897495269774 -0.02454620309174061 -0.03313051551580429 0.006443228423595432 
-0.07372117996215799 -0.1007537651062016 -0.3708897495269774 -0.02454620309174061 -0.03313051551580429 0.006443228423595432 
-0.0887377357482908 -0.09466741561889691 -0.21007021903991685 -0.02457793511450291 -0.03632139056921005 0.003595862388610843 
-0.0887377357482908 -0.09466741561889691 -0.21007021903991685 -0.02457793511450291 -0.03632139056921005 0.003595862388610843 
-0.07375646591186502 -0.08398626327514691 -0.29021271705627427 -0.021749959215521815 -0.03473009556531906 0.005893658697605136 
-0.07375646591186502 -0.08398626327514691 -0.29021271705627427 -0.021749959215521815 -0.03473009556531906 0.005893658697605136 
-0.10213685989379861 -0.08531854629516644 -0.2916551494598387 -0.023244974091649058 -0.03718741625547409 0.007556866705417636 
-0.10213685989379861 -0.08531854629516644 -0.2916551494598387 -0.023244974091649058 -0.03718741625547409 0.007556866705417636 
-0.07384992599487283 -0.11641309738159222 -0.37123116493225083 -0.023136784210801127 -0.03559764117002487 0.007020193934440616 
-0.07384992599487283 -0.11641309738159222 -0.37123116493225083 -0.023136784210801127 -0.03559764117002487 0.007020193934440616 
-0.06043649673461893 -0.09368799209594769 -0.3296118640899657 -0.02458311326801777 -0.036348331868648526 0.005304749906063083 
-0.06043649673461893 -0.09368799209594769 -0.3296118640899657 -0.02458311326801777 -0.036348331868648526 0.005304749906063083 
-0.04594541549682596 -0.11690137863159222 -0.37004193305969224 -0.02448766387999058 -0.033131200969219204 0.005325075089931491 
-0.04594541549682596 -0.11690137863159222 -0.37004193305969224 -0.02448766387999058 -0.033131200969219204 0.005325075089931491 
-0.08809400558471658 -0.11002252578735394 -0.25186213493347154 -0.024541620984673503 -0.03312568753957748 0.005863364636898044 
-0.08809400558471658 -0.11002252578735394 -0.25186213493347154 -0.024541620984673503 -0.03312568753957748 0.005863364636898044 
-0.10145689010620096 -0.1007394599914555 -0.33196982383728013 -0.024539795592427256 -0.031507957875728604 0.006437551081180576 
-0.10145689010620096 -0.1007394599914555 -0.33196982383728013 -0.024539795592427256 -0.031507957875728604 0.006437551081180576 
-0.10149217605590799 -0.08397195816040082 -0.251292791366577 -0.02174355171620846 -0.03310756772756576 0.0058879739046096835 
-0.10149217605590799 -0.08397195816040082 -0.251292791366577 -0.02174355171620846 -0.03310756772756576 0.0058879739046096835 
-0.07435346603393533 -0.10186002731323285 -0.3698063755035399 -0.025971357598900797 -0.035539884269237515 0.004733700156211856 
-0.07435346603393533 -0.10186002731323285 -0.3698063755035399 -0.025971357598900797 -0.035539884269237515 0.004733700156211856 
-0.10202146530151346 -0.10173223495483441 -0.25134810447692857 -0.02454102493822575 -0.03310357421636581 0.004734311103820804 
-0.10202146530151346 -0.10173223495483441 -0.25134810447692857 -0.02454102493822575 -0.03310357421636581 0.004734311103820804 
-0.07433725357055643 -0.10177133560180707 -0.3307758235931395 -0.024593827202916148 -0.036374855935573575 0.006430256962776187 
-0.07433725357055643 -0.10177133560180707 -0.3307758235931395 -0.024593827202916148 -0.036374855935573575 0.006430256962776187 
-0.11542058944702127 -0.07568262100219769 -0.25077876091003404 -0.021742951944470408 -0.03308545440435409 0.004758950173854831 
-0.11542058944702127 -0.07568262100219769 -0.25077876091003404 -0.021742951944470408 -0.03308545440435409 0.004758950173854831 
-0.060368785858154084 -0.09357545852661175 -0.2500735187530516 -0.023159188106656077 -0.03553454965353012 0.005311038196086887 
-0.060368785858154084 -0.09357545852661175 -0.2500735187530516 -0.023159188106656077 -0.03553454965353012 0.005311038196086887 
-0.10153413772582986 -0.11637495040893597 -0.2918034458160399 -0.02308397449553013 -0.032326359450817105 0.0053242778778076205 
-0.10153413772582986 -0.11637495040893597 -0.2918034458160399 -0.02308397449553013 -0.032326359450817105 0.0053242778778076205 
-0.05992151260375955 -0.10800073623657269 -0.2895909214019774 -0.02167227201163769 -0.03473560899496078 0.004212874770164493 
-0.05992151260375955 -0.10800073623657269 -0.2895909214019774 -0.02167227201163769 -0.03473560899496078 0.004212874770164493 
-0.0608294105529783 -0.0953063774108891 -0.21129616737365708 -0.024627548530697825 -0.03636043161153793 0.006975639462471012 
-0.0608294105529783 -0.0953063774108891 -0.21129616737365708 -0.024627548530697825 -0.03636043161153793 0.006975639462471012 
-0.08853364944457986 -0.09599016189575238 -0.2913437747955321 -0.028813463523983958 -0.03227641075849533 0.005256552100181583 
-0.08853364944457986 -0.09599016189575238 -0.2913437747955321 -0.028813463523983958 -0.03227641075849533 0.005256552100181583 
-0.08809400558471658 -0.11002252578735394 -0.25186213493347154 -0.024541620984673503 -0.03312568753957748 0.005863364636898044 
-0.08809400558471658 -0.11002252578735394 -0.25186213493347154 -0.024541620984673503 -0.03312568753957748 0.005863364636898044 
-0.07482648849487283 -0.11974714279174847 -0.3317690753936766 -0.027421173527836802 -0.03639261811971664 0.0069646945595741305 
-0.07482648849487283 -0.11974714279174847 -0.3317690753936766 -0.027421173527836802 -0.03639261811971664 0.0069646945595741305 
-0.08819032669067361 -0.12638090133667035 -0.37117060661315904 -0.027324532046914103 -0.033131320178508755 0.0047269424796104464 
-0.08819032669067361 -0.12638090133667035 -0.37117060661315904 -0.027324532046914103 -0.033131320178508755 0.0047269424796104464 
-0.07478548049926736 -0.16786478042602582 -0.21300515174865708 -0.02586533583700657 -0.0339890906214714 0.005291875302791599 
-0.07478548049926736 -0.16786478042602582 -0.21300515174865708 -0.02586533583700657 -0.0339890906214714 0.005291875302791599 
-0.04576421737670877 -0.08530138015747113 -0.3698984050750731 -0.025945504084229472 -0.030658919513225552 0.0058697870373725924 
-0.04576421737670877 -0.08530138015747113 -0.3698984050750731 -0.025945504084229472 -0.030658919513225552 0.0058697870373725924 
-0.07470632553100565 -0.11961076736450238 -0.21172293663024888 -0.025950853601098063 -0.03393014162778854 0.0052807515859603915 
-0.07470632553100565 -0.11961076736450238 -0.21172293663024888 -0.025950853601098063 -0.03393014162778854 0.0052807515859603915 
-0.046431789398193146 -0.08634279251098675 -0.3702922725677489 -0.026039522960782054 -0.03555201381444931 0.0075470766425132785 
-0.046431789398193146 -0.08634279251098675 -0.3702922725677489 -0.026039522960782054 -0.03555201381444931 0.0075470766425132785 
-0.04743505477905252 -0.13790700912475629 -0.291604127883911 -0.030191999748349192 -0.03475718587636947 0.005812447369098667 
-0.04743505477905252 -0.13790700912475629 -0.291604127883911 -0.030191999748349192 -0.03475718587636947 0.005812447369098667 
-0.07414079666137674 -0.0859985160827641 -0.250896062850952 -0.024579328373074534 -0.03309397786855697 0.005859557390213016 
-0.07414079666137674 -0.0859985160827641 -0.250896062850952 -0.024579328373074534 -0.03309397786855697 0.005859557390213016 
-0.10262704849243143 -0.054609279632568786 -0.28949030876159654 -0.02609809942543507 -0.037102747857570645 0.004703927636146549 
-0.10262704849243143 -0.054609279632568786 -0.28949030876159654 -0.02609809942543507 -0.037102747857570645 0.004703927636146549 
-0.11587263107299783 -0.07780740737915082 -0.29100045204162583 -0.025996242538094523 -0.03226308912038803 0.004718568027019504 
-0.11587263107299783 -0.07780740737915082 -0.29100045204162583 -0.025996242538094523 -0.03226308912038803 0.004718568027019504 
-0.04688097000122049 -0.08783243179321332 -0.29006918907165513 -0.027431626692414286 -0.034707386195659634 0.005833279192447666 
-0.04688097000122049 -0.08783243179321332 -0.29006918907165513 -0.027431626692414286 -0.034707386195659634 0.005833279192447666 
-0.08818555831909158 -0.10983083724975629 -0.29143198966979966 -0.024558153823018077 -0.03475265592336654 0.005865495502948764 
-0.08818555831909158 -0.10983083724975629 -0.29143198966979966 -0.024558153823018077 -0.03475265592336654 0.005865495502948764 
-0.08824087142944315 -0.09378622055053754 -0.3702302837371825 -0.02600063093006611 -0.03553952664136886 0.005292776823043827 
-0.08824087142944315 -0.09378622055053754 -0.3702302837371825 -0.02600063093006611 -0.03553952664136886 0.005292776823043827 
-0.07415796279907205 -0.11870668411254925 -0.33137520790100083 -0.027327147200703623 -0.031499523818492886 0.005287434756755832 
-0.07415796279907205 -0.11870668411254925 -0.33137520790100083 -0.027327147200703623 -0.031499523818492886 0.005287434756755832 
-0.04688097000122049 -0.08783243179321332 -0.29006918907165513 -0.027431626692414286 -0.034707386195659634 0.005833279192447666 
-0.04688097000122049 -0.08783243179321332 -0.29006918907165513 -0.027431626692414286 -0.034707386195659634 0.005833279192447666 
-0.060368785858154084 -0.09357545852661175 -0.2500735187530516 -0.023159188106656077 -0.03553454965353012 0.005311038196086887 
-0.060368785858154084 -0.09357545852661175 -0.2500735187530516 -0.023159188106656077 -0.03553454965353012 0.005311038196086887 
-0.07373262405395486 -0.08429143905639691 -0.3301812076568602 -0.023157355263829234 -0.03391684979200363 0.0058852320909500155 
-0.07373262405395486 -0.08429143905639691 -0.3301812076568602 -0.023157355263829234 -0.03391684979200363 0.0058852320909500155 
-0.04803873062133768 -0.12276742935180707 -0.25075062751770005 -0.030258183255791667 -0.03797467440366745 0.005233067870140079 
-0.04803873062133768 -0.12276742935180707 -0.25075062751770005 -0.030258183255791667 -0.03797467440366745 0.005233067870140079 
-0.08853078842163065 -0.1279754447937016 -0.21234711647033677 -0.027322572544217112 -0.03149469584226608 0.004707563519477848 
-0.08853078842163065 -0.1279754447937016 -0.21234711647033677 -0.027322572544217112 -0.03149469584226608 0.004707563519477848 
-0.032964000701904084 -0.07966039657592816 -0.2498746776580809 -0.02604338236153126 -0.035515833795070645 0.0064043289422988925 
-0.032964000701904084 -0.07966039657592816 -0.2498746776580809 -0.02604338236153126 -0.035515833795070645 0.0064043289422988925 
-0.08760953903198221 -0.1085967826843266 -0.330607976913452 -0.024480660334229472 -0.03148655980825424 0.004190344214439395 
-0.08760953903198221 -0.1085967826843266 -0.330607976913452 -0.024480660334229472 -0.03148655980825424 0.004190344214439395 
-0.04748178482055643 -0.10467813491821332 -0.17021903038024888 -0.026006911769509318 -0.03714313000440597 0.004704896211624149 
-0.04748178482055643 -0.10467813491821332 -0.17021903038024888 -0.026006911769509318 -0.03714313000440597 0.004704896211624149 
-0.07582307815551736 -0.12214277267456097 -0.1318932437896727 -0.027436976209282878 -0.03797860831022262 0.005244243741035465 
-0.07582307815551736 -0.12214277267456097 -0.1318932437896727 -0.027436976209282878 -0.03797860831022262 0.005244243741035465 
-0.07425905227661111 -0.13403699874877972 -0.25124033927917466 -0.024463941231369975 -0.03313117116689682 0.004182580709457401 
-0.07425905227661111 -0.13403699874877972 -0.25124033927917466 -0.024463941231369975 -0.03313117116689682 0.004182580709457401 
-0.11569715499877908 -0.10772417068481488 -0.41093739509582505 -0.023162831440567973 -0.0372069963812828 0.005889754593372348 
-0.11569715499877908 -0.10772417068481488 -0.41093739509582505 -0.023162831440567973 -0.0372069963812828 0.005889754593372348 
-0.07481218338012674 -0.07097242355346722 -0.28958043098449693 -0.026069429591298106 -0.03712518900632858 0.005273889601230625 
-0.07481218338012674 -0.07097242355346722 -0.28958043098449693 -0.026069429591298106 -0.03712518900632858 0.005273889601230625 
-0.06034494400024393 -0.09387968063354535 -0.29004200935363755 -0.024566587880253794 -0.03472130388021469 0.005302619040012363 
-0.06034494400024393 -0.09387968063354535 -0.29004200935363755 -0.024566587880253794 -0.03472130388021469 0.005302619040012363 
-0.08760953903198221 -0.1085967826843266 -0.330607976913452 -0.024480660334229472 -0.03148655980825424 0.004190344214439395 
-0.08760953903198221 -0.1085967826843266 -0.330607976913452 -0.024480660334229472 -0.03148655980825424 0.004190344214439395 
-0.04661394119262674 -0.11794183731079144 -0.3704362773895262 -0.02458169020712376 -0.03802432507276535 0.00700233489274979 
-0.04661394119262674 -0.11794183731079144 -0.3704362773895262 -0.02458169020712376 -0.03802432507276535 0.00700233489274979 
-0.07377267837524393 -0.0840759086608891 -0.32924326896667466 -0.023127485886216166 -0.03389509409666061 0.004197124242782596 
-0.07377267837524393 -0.0840759086608891 -0.32924326896667466 -0.023127485886216166 -0.03389509409666061 0.004197124242782596 
-0.05993677139282205 -0.09217355728149457 -0.36932715415954576 -0.023144614771008494 -0.03554420560598373 0.0053282862901687655 
-0.05993677139282205 -0.09217355728149457 -0.36932715415954576 -0.023144614771008494 -0.03554420560598373 0.0053282862901687655 
-0.04748178482055643 -0.10467813491821332 -0.17021903038024888 -0.026006911769509318 -0.03714313000440597 0.004704896211624149 
-0.04748178482055643 -0.10467813491821332 -0.17021903038024888 -0.026006911769509318 -0.03714313000440597 0.004704896211624149 
-0.047459850311279084 -0.13760183334350629 -0.25163563728332505 -0.028784607425332072 -0.0355704316496849 0.0058208739757537875 
-0.047459850311279084 -0.13760183334350629 -0.25163563728332505 -0.028784607425332072 -0.0355704316496849 0.0058208739757537875 
-0.046485195159911896 -0.10228345870971722 -0.3700943851470946 -0.025991109088063243 -0.03555716961622238 0.006425376832485202 
-0.046485195159911896 -0.10228345870971722 -0.3700943851470946 -0.025991109088063243 -0.03555716961622238 0.006425376832485202 
-0.04646898269653299 -0.08549211502075238 -0.2489095592498778 -0.023148466721177104 -0.03550802558660507 0.00418556094169617 
-0.04646898269653299 -0.08549211502075238 -0.2489095592498778 -0.023148466721177104 -0.03550802558660507 0.00418556094169617 
-0.032462368011474396 -0.11013124465942425 -0.21059426307678208 -0.023113992884755137 -0.03393002241849899 0.0058788841962814364 
-0.032462368011474396 -0.11013124465942425 -0.21059426307678208 -0.023113992884755137 -0.03393002241849899 0.0058788841962814364 
-0.0607683753967283 -0.07975957870483441 -0.2904930973052977 -0.0274609000235796 -0.03470702856779098 0.006392363309860233 
-0.0607683753967283 -0.07975957870483441 -0.2904930973052977 -0.0274609000235796 -0.03470702856779098 0.006392363309860233 
-0.059857616424560334 -0.10852239608764691 -0.3304973506927489 -0.023109537437558177 -0.03394408911466598 0.005892578363418582 
-0.059857616424560334 -0.10852239608764691 -0.3304973506927489 -0.023109537437558177 -0.03394408911466598 0.005892578363418582 
-0.08868623733520486 -0.11134527206420941 -0.2517166996002196 -0.025996652320027354 -0.03555678218603134 0.005841966569423679 
-0.08868623733520486 -0.11134527206420941 -0.2517166996002196 -0.025996652320027354 -0.03555678218603134 0.005841966569423679 
-0.08876539230346658 -0.09499547958374066 -0.29054650306701646 -0.02603172965347767 -0.03715689867734909 0.005277667045593265 
-0.08876539230346658 -0.09499547958374066 -0.29054650306701646 -0.02603172965347767 -0.03715689867734909 0.005277667045593265 
-0.0462114906311033 -0.07087514877319379 -0.3303810024261473 -0.02743241645395756 -0.031457889974117276 0.006967957913875583 
-0.0462114906311033 -0.07087514877319379 -0.3303810024261473 -0.02743241645395756 -0.031457889974117276 0.006967957913875583 
-0.03260637283325174 -0.12588022232055707 -0.2499657535552977 -0.023082096949219706 -0.03556217640638351 0.004759285449981693 
-0.03260637283325174 -0.12588022232055707 -0.2499657535552977 -0.023082096949219706 -0.03556217640638351 0.004759285449981693 
-0.046918163299560334 -0.103684406280518 -0.25084074974060044 -0.026005682423710826 -0.035547513663768765 0.006408136188983921 
-0.046918163299560334 -0.103684406280518 -0.25084074974060044 -0.026005682423710826 -0.035547513663768765 0.006408136188983921 
-0.06034685134887674 -0.14241598129272504 -0.290784921646118 -0.02584206767380238 -0.03231828302145004 0.003615055084228519 
-0.06034685134887674 -0.14241598129272504 -0.290784921646118 -0.02584206767380238 -0.03231828302145004 0.003615055084228519 
-0.061766872406005646 -0.11477373123168988 -0.13206633567810044 -0.028846998587250712 -0.035533566176891324 0.00579630941152573 
-0.061766872406005646 -0.11477373123168988 -0.13206633567810044 -0.028846998587250712 -0.035533566176891324 0.00579630941152573 
-0.060332546234130646 -0.07772348403930707 -0.2893019580841063 -0.024585132375359538 -0.03469442218542099 0.00473621100187302 
-0.060332546234130646 -0.07772348403930707 -0.2893019580841063 -0.024585132375359538 -0.03469442218542099 0.00473621100187302 
-0.06031919479370096 -0.12617013931274457 -0.2510143184661864 -0.02448308922350407 -0.0331263729929924 0.004745203852653507 
-0.06031919479370096 -0.12617013931274457 -0.2510143184661864 -0.02448308922350407 -0.0331263729929924 0.004745203852653507 
-0.04689432144165018 -0.11990640640258832 -0.2501035594940184 -0.02731826610863209 -0.033090699613094327 0.0035877114534378085 
-0.04689432144165018 -0.11990640640258832 -0.2501035594940184 -0.02731826610863209 -0.033090699613094327 0.0035877114534378085 
-0.10149694442749002 -0.10052297592163129 -0.3310318851470946 -0.02450992621481419 -0.031486231982707974 0.004749420881271366 
-0.10149694442749002 -0.10052297592163129 -0.3310318851470946 -0.02450992621481419 -0.031486231982707974 0.004749420881271366 
-0.10256315231323221 -0.1356506156921391 -0.2521434688568114 -0.027319949939846995 -0.03312649220228195 0.004147071242332462 
-0.10256315231323221 -0.1356506156921391 -0.2521434688568114 -0.027319949939846995 -0.03312649220228195 0.004147071242332462 
-0.10165048599243143 -0.11587808609008832 -0.2914048099517821 -0.021693107560276988 -0.034766603410243985 0.005334835350513462 
-0.10165048599243143 -0.11587808609008832 -0.2914048099517821 -0.021693107560276988 -0.034766603410243985 0.005334835350513462 
-0.0742724037170408 -0.08559034347534222 -0.2895279788970946 -0.024565984383225443 -0.034699220359325406 0.004173595309257511 
-0.0742724037170408 -0.08559034347534222 -0.2895279788970946 -0.024565984383225443 -0.034699220359325406 0.004173595309257511 
-0.08835817337036111 -0.12590692520141644 -0.4112802410125731 -0.025980052426457408 -0.0372203180193901 0.006427738666534427 
-0.08835817337036111 -0.12590692520141644 -0.4112802410125731 -0.025980052426457408 -0.0372203180193901 0.006427738666534427 
-0.06032110214233377 -0.09418485641479535 -0.3300104999542235 -0.025973980203270915 -0.03390805810689926 0.005294192433357242 
-0.06032110214233377 -0.09418485641479535 -0.3300104999542235 -0.025973980203270915 -0.03390805810689926 0.005294192433357242 
-0.08814836502075174 -0.0939788627624516 -0.33065995216369615 -0.025984098091721537 -0.03391252845525741 0.005290645956993106 
-0.08814836502075174 -0.0939788627624516 -0.33065995216369615 -0.025984098091721537 -0.03391252845525741 0.005290645956993106 
-0.08845258712768533 -0.07972143173217816 -0.21106490135192857 -0.027408090308308604 -0.03143574684858322 0.004696447253227237 
-0.08845258712768533 -0.07972143173217816 -0.21106490135192857 -0.027408090308308604 -0.03143574684858322 0.004696447253227237 
-0.07481313705444315 -0.10359094619751019 -0.33102902412414537 -0.027439725473523142 -0.03636573642492294 0.006398293972015384 
-0.07481313705444315 -0.10359094619751019 -0.33102902412414537 -0.027439725473523142 -0.03636573642492294 0.006398293972015384 
-0.07329774856567361 -0.11487482070922894 -0.37043866157531724 -0.021651894673705104 -0.033144790828227993 0.005353491604328159 
-0.07329774856567361 -0.11487482070922894 -0.37043866157531724 -0.021651894673705104 -0.033144790828227993 0.005353491604328159 
-0.08774019241332986 -0.09227178573608441 -0.40994557380676255 -0.024562132433056834 -0.03473540037870407 0.005316313207149509 
-0.08774019241332986 -0.09227178573608441 -0.40994557380676255 -0.024562132433056834 -0.03473540037870407 0.005316313207149509 
-0.0742571449279783 -0.08550165176391644 -0.2504974269866942 -0.023188453987240794 -0.03553422182798385 0.005870122313499454 
-0.0742571449279783 -0.08550165176391644 -0.2504974269866942 -0.023188453987240794 -0.03553422182798385 0.005870122313499454 
-0.10250879287719705 -0.08709142684936566 -0.21089276313781724 -0.025998075380921366 -0.03388078898191452 0.004144374132156375 
-0.10250879287719705 -0.08709142684936566 -0.21089276313781724 -0.025998075380921366 -0.03388078898191452 0.004144374132156375 
-0.07423521041870096 -0.06973932266235394 -0.32875594139099107 -0.0259919361025095 -0.033859092891216275 0.0035987532138824496 
-0.07423521041870096 -0.06973932266235394 -0.32875594139099107 -0.0259919361025095 -0.033859092891216275 0.0035987532138824496 
-0.06030870437622049 -0.17525003433227582 -0.333171453475952 -0.027242225483059886 -0.03158058613538742 0.006427589654922489 
-0.06030870437622049 -0.17525003433227582 -0.333171453475952 -0.027242225483059886 -0.03158058613538742 0.006427589654922489 
-0.08807016372680643 -0.11032770156860394 -0.2918306255340575 -0.02594902075827122 -0.03231244176626205 0.005854938030242923 
-0.08807016372680643 -0.11032770156860394 -0.2918306255340575 -0.02594902075827122 -0.03231244176626205 0.005854938030242923 
-0.08868623733520486 -0.11134527206420941 -0.2517166996002196 -0.025996652320027354 -0.03555678218603134 0.005841966569423679 
-0.08868623733520486 -0.11134527206420941 -0.2517166996002196 -0.025996652320027354 -0.03555678218603134 0.005841966569423679 
-0.08925462722778299 -0.11297224044799847 -0.29153975486755357 -0.02885906852781773 -0.037174660861492154 0.005812134444713596 
-0.08925462722778299 -0.11297224044799847 -0.29153975486755357 -0.02885906852781773 -0.037174660861492154 0.005812134444713596 
-0.10193181991577127 -0.06994054794311566 -0.29077443122863755 -0.026015390530228617 -0.03225829094648361 0.00528119117021561 
-0.10193181991577127 -0.06994054794311566 -0.29077443122863755 -0.026015390530228617 -0.03225829094648361 0.00528119117021561 
-0.045892963409423615 -0.10096071243286175 -0.37023982048034654 -0.024536085203289988 -0.03312604516744613 0.0064467748999595675 
-0.045892963409423615 -0.10096071243286175 -0.37023982048034654 -0.024536085203289988 -0.03312604516744613 0.0064467748999595675 
-0.08824659347534158 -0.12537668228149457 -0.21223505973815904 -0.0217248060554266 -0.03640605896711349 0.006448749303817752 
-0.08824659347534158 -0.12537668228149457 -0.21223505973815904 -0.0217248060554266 -0.03640605896711349 0.006448749303817752 
-0.047368297576904084 -0.07319162368774457 -0.2496138477325438 -0.028888677135109904 -0.03548460096120834 0.005243342220783237 
-0.047368297576904084 -0.07319162368774457 -0.2496138477325438 -0.028888677135109904 -0.03548460096120834 0.005243342220783237 
-0.07390142440795877 -0.09973524093627972 -0.3295846843719481 -0.02171807073056698 -0.03636224955320358 0.0047740823030471835 
-0.07390142440795877 -0.09973524093627972 -0.3295846843719481 -0.02171807073056698 -0.03636224955320358 0.0047740823030471835 
-0.0742724037170408 -0.08559034347534222 -0.2895279788970946 -0.024565984383225443 -0.034699220359325406 0.004173595309257511 
-0.0742724037170408 -0.08559034347534222 -0.2895279788970946 -0.024565984383225443 -0.034699220359325406 0.004173595309257511 
-0.07473779678344705 -0.10387228012085004 -0.33048924446105943 -0.028800723031163218 -0.03390373677015304 0.004699606299400333 
-0.07473779678344705 -0.10387228012085004 -0.33048924446105943 -0.028800723031163218 -0.03390373677015304 0.004699606299400333 
-0.08963418960571268 -0.09843347549438519 -0.17248353004455552 -0.02892206318676472 -0.03715984910726547 0.006916601061820987 
-0.08963418960571268 -0.09843347549438519 -0.17248353004455552 -0.02892206318676472 -0.03715984910726547 0.006916601061820987 
-0.07415510177612283 -0.07017133712768597 -0.33063229560852037 -0.02605166740715504 -0.03390257447957992 0.006974976360797885 
-0.07415510177612283 -0.07017133712768597 -0.33063229560852037 -0.02605166740715504 -0.03390257447957992 0.006974976360797885 
-0.10141969680786111 -0.08488748550415082 -0.3711982631683348 -0.025965739861130717 -0.030667830407619473 0.005862701535224918 
-0.10141969680786111 -0.08488748550415082 -0.3711982631683348 -0.025965739861130717 -0.030667830407619473 0.005862701535224918 
-0.06038499832153299 -0.11036584854126019 -0.3712583446502684 -0.02600182302296162 -0.035583723485469815 0.007550854086875919 
-0.06038499832153299 -0.11036584854126019 -0.3712583446502684 -0.02600182302296162 -0.035583723485469815 0.007550854086875919 
-0.08755327224731424 -0.10872362136840863 -0.29251536369323716 -0.023132991865277293 -0.0323433169722557 0.007575001418590549 
-0.08755327224731424 -0.10872362136840863 -0.29251536369323716 -0.023132991865277293 -0.0323433169722557 0.007575001418590549 
-0.07467008590698221 -0.10375879287719769 -0.25095137596130357 -0.027376797869801524 -0.03308998435735702 0.004705894589424137 
-0.07467008590698221 -0.10375879287719769 -0.25095137596130357 -0.027376797869801524 -0.03308998435735702 0.004705894589424137 
-0.08862329483032205 -0.12778280258178754 -0.2519174480438231 -0.02733909793198109 -0.03312169402837753 0.004709709286689762 
-0.08862329483032205 -0.12778280258178754 -0.2519174480438231 -0.02733909793198109 -0.03312169402837753 0.004709709286689762 
-0.0607531166076658 -0.09558675765991254 -0.21075686454772935 -0.025988553538918498 -0.03389843195676803 0.0052769443392753634 
-0.0607531166076658 -0.09558675765991254 -0.21075686454772935 -0.025988553538918498 -0.03389843195676803 0.0052769443392753634 
-0.03305459976196268 -0.11145303726196332 -0.21044835090637193 -0.02456901676952839 -0.03636111706495285 0.005857478678226474 
-0.03305459976196268 -0.11145303726196332 -0.21044835090637193 -0.02456901676952839 -0.03636111706495285 0.005857478678226474 
-0.07426095962524393 -0.1020517158508305 -0.33023652076721177 -0.02595483221113682 -0.033912886083126065 0.004731569290161136 
-0.07426095962524393 -0.1020517158508305 -0.33023652076721177 -0.02595483221113682 -0.033912886083126065 0.004731569290161136 
-0.10146833419799783 -0.08427713394165082 -0.29126128196716294 -0.02315094776451588 -0.03229432195425033 0.005879547297954563 
-0.10146833419799783 -0.08427713394165082 -0.29126128196716294 -0.02315094776451588 -0.03229432195425033 0.005879547297954563 
-0.07420850753784158 -0.08611200332641644 -0.33043440818786607 -0.02600325353443623 -0.033907730281352993 0.005853269100189212 
-0.07420850753784158 -0.08611200332641644 -0.33043440818786607 -0.02600325353443623 -0.033907730281352993 0.005853269100189212 
-0.08860898971557596 -0.09570978164672894 -0.2918830776214598 -0.027452465966343882 -0.03473838061094284 0.006955239772796634 
-0.08860898971557596 -0.09570978164672894 -0.2918830776214598 -0.027452465966343882 -0.03473838061094284 0.006955239772796634 
-0.08714319229125955 -0.07439802169799847 -0.33035191535949693 -0.02034073404967785 -0.033925641477108 0.006476271748542789 
-0.08714319229125955 -0.07439802169799847 -0.33035191535949693 -0.02034073404967785 -0.033925641477108 0.006476271748542789 
-0.11609292984008768 -0.09327409744262738 -0.3309117221832274 -0.024603349044919016 -0.03635721296072006 0.005297656953334812 
-0.11609292984008768 -0.09327409744262738 -0.3309117221832274 -0.024603349044919016 -0.03635721296072006 0.005297656953334812 
-0.07424570083618143 -0.10196397781372113 -0.2912059688568114 -0.02457730181515217 -0.034747857749462124 0.006428126096725467 
-0.07424570083618143 -0.10196397781372113 -0.2912059688568114 -0.02457730181515217 -0.034747857749462124 0.006428126096725467 
-0.060358295440673615 -0.11003683090210004 -0.2907820606231688 -0.024548035934567454 -0.03474821537733078 0.0058690419793129 
-0.060358295440673615 -0.11003683090210004 -0.2907820606231688 -0.024548035934567454 -0.03474821537733078 0.0058690419793129 
-0.06100488662719705 -0.09531496047973675 -0.36943491935729966 -0.027445536926388743 -0.03796621054410934 0.005274925231933597 
-0.06100488662719705 -0.09531496047973675 -0.36943491935729966 -0.027445536926388743 -0.03796621054410934 0.005274925231933597 
-0.08890653610229471 -0.12681196212768597 -0.29162844657897935 -0.024603758826851847 -0.03965093582868576 0.0064210554957389865 
-0.08890653610229471 -0.12681196212768597 -0.29162844657897935 -0.024603758826851847 -0.03965093582868576 0.0064210554957389865 
-0.0736162757873533 -0.08478925704956097 -0.330579843521118 -0.024548222199082377 -0.03147660583257675 0.0058746671676635775 
-0.0736162757873533 -0.08478925704956097 -0.330579843521118 -0.024548222199082377 -0.03147660583257675 0.0058746671676635775 
-0.08780504226684549 -0.10845182418823285 -0.4511938953399657 -0.024589975252747538 -0.036411065757274624 0.007572982311248783 
-0.08780504226684549 -0.10845182418823285 -0.4511938953399657 -0.024589975252747538 -0.036411065757274624 0.007572982311248783 
-0.07366968154907205 -0.03612707138061566 -0.3679295444488524 -0.024620403423905375 -0.03302292913198471 0.004177573919296268 
-0.07366968154907205 -0.03612707138061566 -0.3679295444488524 -0.024620403423905375 -0.03302292913198471 0.004177573919296268 
-0.0603869056701658 -0.1262826728820805 -0.33055266380310044 -0.025907014384865763 -0.03394012540578842 0.004738915562629703 
-0.0603869056701658 -0.1262826728820805 -0.33055266380310044 -0.025907014384865763 -0.03394012540578842 0.004738915562629703 
-0.08869863510131815 -0.1275014686584477 -0.25245675086975083 -0.025978100374341014 -0.03558366388082504 0.006408367156982425 
-0.08869863510131815 -0.1275014686584477 -0.25245675086975083 -0.025978100374341014 -0.03558366388082504 0.006408367156982425 
-0.07463384628295877 -0.12052629470825238 -0.3316284084320067 -0.030173045471310618 -0.03149040430784225 0.005255471765995029 
-0.07463384628295877 -0.12052629470825238 -0.3316284084320067 -0.030173045471310618 -0.03149040430784225 0.005255471765995029 
-0.10202337265014627 -0.069748859405518 -0.3303438091278075 -0.02603192336857319 -0.03388525933027267 0.00528332203626633 
-0.10202337265014627 -0.069748859405518 -0.3303438091278075 -0.02603192336857319 -0.03388525933027267 0.00528332203626633 
-0.06070543289184549 -0.09619710922241254 -0.2906938457489012 -0.028803345635533335 -0.03227194041013717 0.005260098576545719 
-0.06070543289184549 -0.09619710922241254 -0.2906938457489012 -0.028803345635533335 -0.03227194041013717 0.005260098576545719 
-0.08722806930541971 -0.17182157516479535 -0.45282134056091294 -0.024391886666417124 -0.031603772342205044 0.006473246812820438 
-0.08722806930541971 -0.17182157516479535 -0.45282134056091294 -0.024391886666417124 -0.031603772342205044 0.006473246812820438 
-0.08907056808471658 -0.1133575248718266 -0.21240004539489732 -0.028826017752289775 -0.03392066448926925 0.005807872712612155 
-0.08907056808471658 -0.1133575248718266 -0.21240004539489732 -0.028826017752289775 -0.03392066448926925 0.005807872712612155 
-0.060304889678954865 -0.09409616470336957 -0.2909799480438231 -0.024596449807286265 -0.034743059575557705 0.006990749239921573 
-0.060304889678954865 -0.09409616470336957 -0.2909799480438231 -0.024596449807286265 -0.034743059575557705 0.006990749239921573 
-0.06025720596313455 -0.11062334060668988 -0.330211248397827 -0.027316433265805247 -0.03147299975156784 0.004161927700042728 
-0.06025720596313455 -0.11062334060668988 -0.330211248397827 -0.027316433265805247 -0.03147299975156784 0.004161927700042728 
-0.07364202499389627 -0.05249975204467816 -0.3696075344085692 -0.024631720855832102 -0.033071566522121426 0.0064321047067642245 
-0.07364202499389627 -0.05249975204467816 -0.3696075344085692 -0.024631720855832102 -0.033071566522121426 0.0064321047067642245 
-0.08875394821166971 -0.11145780563354535 -0.33125504493713365 -0.027420577481389048 -0.03637053459882736 0.005835670828819278 
-0.08875394821166971 -0.11145780563354535 -0.33125504493713365 -0.027420577481389048 -0.03637053459882736 0.005835670828819278 
-0.046828517913818146 -0.08780954360961957 -0.24956139564514146 -0.02738523192703724 -0.033058662116527554 0.004143047928810123 
-0.046828517913818146 -0.08780954360961957 -0.24956139564514146 -0.02738523192703724 -0.033058662116527554 0.004143047928810123 
-0.05921293258666971 -0.09125993728637738 -0.33084067344665513 -0.02170293487608433 -0.03150783866643905 0.007035683691501621 
-0.05921293258666971 -0.09125993728637738 -0.33084067344665513 -0.02170293487608433 -0.03150783866643905 0.007035683691501621 
-0.08818460464477518 -0.07721231460571332 -0.24998339653015123 -0.02318785794079304 -0.03551210850477218 0.004741098582744602 
-0.08818460464477518 -0.07721231460571332 -0.24998339653015123 -0.02318785794079304 -0.03551210850477218 0.004741098582744602 
-0.08814836502075174 -0.0939788627624516 -0.33065995216369615 -0.025984098091721537 -0.03391252845525741 0.005290645956993106 
-0.08814836502075174 -0.0939788627624516 -0.33065995216369615 -0.025984098091721537 -0.03391252845525741 0.005290645956993106 
-0.08755708694457986 -0.09265611648559613 -0.3308058643341063 -0.024529074206948283 -0.03148140400648117 0.005312044024467472 
-0.08755708694457986 -0.09265611648559613 -0.3308058643341063 -0.024529074206948283 -0.03148140400648117 0.005312044024467472 
-0.047380695343017365 -0.15395067214965863 -0.21280631065368638 -0.028749522641301158 -0.03397034496068954 0.006385166049003604 
-0.047380695343017365 -0.15395067214965863 -0.21280631065368638 -0.028749522641301158 -0.03397034496068954 0.006385166049003604 
-0.0607531166076658 -0.09558675765991254 -0.21075686454772935 -0.025988553538918498 -0.03389843195676803 0.0052769443392753634 
-0.0607531166076658 -0.09558675765991254 -0.21075686454772935 -0.025988553538918498 -0.03389843195676803 0.0052769443392753634 
-0.10319448471069315 -0.12084005355835004 -0.29176577568054185 -0.028839920535683634 -0.03717945903539657 0.00524951130151749 
-0.10319448471069315 -0.12084005355835004 -0.29176577568054185 -0.028839920535683634 -0.03717945903539657 0.00524951130151749 
-0.07438970565795877 -0.11771200180053754 -0.3305779361724852 -0.024545413330197337 -0.036380011737346646 0.005308557152748111 
-0.07438970565795877 -0.11771200180053754 -0.3305779361724852 -0.024545413330197337 -0.036380011737346646 0.005308557152748111 
-0.08867288589477518 -0.1597919273376469 -0.21342905998229966 -0.025894601717591288 -0.03398873299360275 0.005850959420204166 
-0.08867288589477518 -0.1597919273376469 -0.21342905998229966 -0.025894601717591288 -0.03398873299360275 0.005850959420204166 
-0.0324785804748533 -0.1269216346740727 -0.3317786121368407 -0.02595662780106068 -0.0339791664481163 0.008118692636489871 
-0.0324785804748533 -0.1269216346740727 -0.3317786121368407 -0.02595662780106068 -0.0339791664481163 0.008118692636489871 
-0.059870014190673615 -0.12467859268188519 -0.33123740196228013 -0.023090985491871836 -0.03397100061178207 0.006458978950977329 
-0.059870014190673615 -0.12467859268188519 -0.33123740196228013 -0.023090985491871836 -0.03397100061178207 0.006458978950977329 
-0.0744402503967283 -0.1497201728820805 -0.29208954811096177 -0.023100917115807536 -0.037247050702571866 0.0064498072862625155 
-0.0744402503967283 -0.1497201728820805 -0.29208954811096177 -0.023100917115807536 -0.037247050702571866 0.0064498072862625155 
-0.046500453948974396 -0.1023711967468266 -0.409124937057495 -0.027368639484047892 -0.03472219794988632 0.004728820025920871 
-0.046500453948974396 -0.1023711967468266 -0.409124937057495 -0.027368639484047892 -0.03472219794988632 0.004728820025920871 
-0.04698205947875955 -0.10316370010376019 -0.20993432044982896 -0.02456841327250004 -0.036339033544063565 0.004728425145149234 
-0.04698205947875955 -0.10316370010376019 -0.20993432044982896 -0.02456841327250004 -0.036339033544063565 0.004728425145149234 
-0.06032873153686502 -0.09379098892211957 -0.25101145744323716 -0.023189057484269145 -0.035556305348873135 0.006999175846576694 
-0.06032873153686502 -0.09379098892211957 -0.25101145744323716 -0.023189057484269145 -0.035556305348873135 0.006999175846576694 
-0.07429529190063455 -0.1339721488952641 -0.25271758079528794 -0.02313280560076237 -0.035614896714687344 0.0075693762302398715 
-0.07429529190063455 -0.1339721488952641 -0.25271758079528794 -0.02313280560076237 -0.035614896714687344 0.0075693762302398715 
-0.08811975479125955 -0.07773302078247113 -0.2908898258209227 -0.024625119641423228 -0.03472061842679977 0.006420772373676303 
-0.08811975479125955 -0.07773302078247113 -0.2908898258209227 -0.024625119641423228 -0.03472061842679977 0.006420772373676303 
-0.07477308273315408 -0.08710573196411175 -0.2498126888275145 -0.02600448288023472 -0.0355033466219902 0.004150051474571231 
-0.07477308273315408 -0.08710573196411175 -0.2498126888275145 -0.02600448288023472 -0.0355033466219902 0.004150051474571231 
-0.060292491912841584 -0.07793901443481488 -0.29023989677429185 -0.024615001752972605 -0.034716177880764004 0.006424318850040439 
-0.060292491912841584 -0.07793901443481488 -0.29023989677429185 -0.024615001752972605 -0.034716177880764004 0.006424318850040439 
-0.046286830902099396 -0.053892116546631286 -0.24876603126525865 -0.024606306925415995 -0.033035744130611416 0.004730295240879062 
-0.046286830902099396 -0.053892116546631286 -0.24876603126525865 -0.024606306925415995 -0.033035744130611416 0.004730295240879062 
-0.06133390426635721 -0.11337182998657269 -0.2513194942474364 -0.02883242525160313 -0.03554319232702255 0.005813550055027011 
-0.06133390426635721 -0.11337182998657269 -0.2513194942474364 -0.02883242525160313 -0.03554319232702255 0.005813550055027011 
-0.07429815292358377 -0.1179046440124516 -0.2910080814361571 -0.024528880491852763 -0.034753013551235196 0.005306418836116794 
-0.07429815292358377 -0.1179046440124516 -0.2910080814361571 -0.024528880491852763 -0.034753013551235196 0.005306418836116794 
-0.07545877456665018 -0.12085435867309613 -0.3306857013702391 -0.028846335485577586 -0.038802016675472256 0.005255196094512943 
-0.07545877456665018 -0.12085435867309613 -0.3306857013702391 -0.028846335485577586 -0.038802016675472256 0.005255196094512943 
-0.07422090530395486 -0.10226819992065472 -0.3311744594573973 -0.025984701588749888 -0.033934611976146695 0.006419699490070346 
-0.07422090530395486 -0.10226819992065472 -0.3311744594573973 -0.025984701588749888 -0.033934611976146695 0.006419699490070346 
