-0.00010202394957797845 4.1132916095421024e-07 4.746227685289731e-07 -7.315242669392319e-07 9.587379924285258e-07 -9.513792349480354e-07 -2.3968449810713145e-07 
-0.00010202394957797845 4.1132916095421024e-07 4.746227685289731e-07 -7.315242669392319e-07 9.587379924285258e-07 -9.513792349480354e-07 -2.3968449810713145e-07 
-0.00010202394957797845 1.740177708597912e-07 4.746227685289731e-07 -7.315242669392319e-07 -4.793689962142629e-07 -1.4307482274489303e-06 2.3968449810713145e-07 
-0.00010202394957797845 1.740177708597912e-07 4.746227685289731e-07 -7.315242669392319e-07 -4.793689962142629e-07 -1.4307482274489303e-06 2.3968449810713145e-07 
-0.00010178663819374045 1.740177708597912e-07 4.746227685289731e-07 -1.959011797225685e-08 4.793689962142629e-07 -1.1910637383039102e-06 0.0 
-0.00010178663819374045 1.740177708597912e-07 4.746227685289731e-07 -1.959011797225685e-08 4.793689962142629e-07 -1.1910637383039102e-06 0.0 
-0.00010226126096227195 1.740177708597912e-07 0.0 -1.959011797225685e-08 0.0 -9.513792349480354e-07 2.3968449810713145e-07 
-0.00010226126096227195 1.740177708597912e-07 0.0 -1.959011797225685e-08 0.0 -9.513792349480354e-07 2.3968449810713145e-07 
-0.00010202394957797845 1.740177708597912e-07 0.0 -1.959011797225685e-08 2.3968449810713145e-07 -1.1910637383039102e-06 7.190534943213943e-07 
-0.00010202394957797845 1.740177708597912e-07 0.0 -1.959011797225685e-08 2.3968449810713145e-07 -1.1910637383039102e-06 7.190534943213943e-07 
-0.00010202394957797845 1.740177708597912e-07 -4.746227685289731e-07 -1.959011797225685e-08 7.190534943213943e-07 -1.670432730804805e-06 2.3968449810713145e-07 
-0.00010202394957797845 1.740177708597912e-07 -4.746227685289731e-07 -1.959011797225685e-08 7.190534943213943e-07 -1.670432730804805e-06 2.3968449810713145e-07 
-0.00010202394957797845 1.740177708597912e-07 -9.492455370579462e-07 2.1772127922758955e-07 7.190534943213943e-07 -1.9101172270552524e-06 4.793689962142629e-07 
-0.00010202394957797845 1.740177708597912e-07 -9.492455370579462e-07 2.1772127922758955e-07 7.190534943213943e-07 -1.9101172270552524e-06 4.793689962142629e-07 
-0.00010178663819374045 4.1132916095421024e-07 -4.746227685289731e-07 9.296554281945646e-07 0.0 -1.670432730804805e-06 -7.190534943213943e-07 
-0.00010178663819374045 4.1132916095421024e-07 -4.746227685289731e-07 9.296554281945646e-07 0.0 -1.670432730804805e-06 -7.190534943213943e-07 
-0.00010202394957797845 1.740177708597912e-07 -4.746227685289731e-07 -1.959011797225685e-08 1.1984224905356572e-06 -1.4307482274489303e-06 -4.793689962142629e-07 
-0.00010202394957797845 1.740177708597912e-07 -4.746227685289731e-07 -1.959011797225685e-08 1.1984224905356572e-06 -1.4307482274489303e-06 -4.793689962142629e-07 
-0.00010226126096227195 1.740177708597912e-07 0.0 -1.959011797225685e-08 1.67779148674992e-06 -1.9101172270552524e-06 9.587379924285258e-07 
-0.00010226126096227195 1.740177708597912e-07 0.0 -1.959011797225685e-08 1.67779148674992e-06 -1.9101172270552524e-06 9.587379924285258e-07 
-0.00010226126096227195 1.740177708597912e-07 2.3731138426448656e-07 -2.569014867503938e-07 2.3968449810713143e-06 -4.7201024244714063e-07 -2.3968449810713145e-07 
-0.00010226126096227195 1.740177708597912e-07 2.3731138426448656e-07 -2.569014867503938e-07 2.3968449810713143e-06 -4.7201024244714063e-07 -2.3968449810713145e-07 
-0.00010202394957797845 1.740177708597912e-07 4.746227685289731e-07 9.296554281945646e-07 0.0 -2.149801730411127e-06 -4.793689962142629e-07 
-0.00010202394957797845 1.740177708597912e-07 4.746227685289731e-07 9.296554281945646e-07 0.0 -2.149801730411127e-06 -4.793689962142629e-07 
-0.00010226126096227195 1.740177708597912e-07 2.3731138426448656e-07 -1.959011797225685e-08 1.4381069886427885e-06 -1.1910637383039102e-06 -2.3968449810713145e-07 
-0.00010226126096227195 1.740177708597912e-07 2.3731138426448656e-07 -1.959011797225685e-08 1.4381069886427885e-06 -1.1910637383039102e-06 -2.3968449810713145e-07 
-0.00010202394957797845 1.740177708597912e-07 4.746227685289731e-07 -1.959011797225685e-08 4.793689962142629e-07 -1.9101172270552524e-06 -1.1984224905356572e-06 
-0.00010202394957797845 1.740177708597912e-07 4.746227685289731e-07 -1.959011797225685e-08 4.793689962142629e-07 -1.9101172270552524e-06 -1.1984224905356572e-06 
-0.00010249857234650994 1.740177708597912e-07 0.0 2.1772127922758955e-07 1.1984224905356572e-06 -1.1910637383039102e-06 2.3968449810713145e-07 
-0.00010249857234650994 1.740177708597912e-07 0.0 2.1772127922758955e-07 1.1984224905356572e-06 -1.1910637383039102e-06 2.3968449810713145e-07 
-0.00010202394957797845 1.740177708597912e-07 0.0 2.1772127922758955e-07 4.793689962142629e-07 -1.1910637383039102e-06 -4.793689962142629e-07 
-0.00010202394957797845 1.740177708597912e-07 0.0 2.1772127922758955e-07 4.793689962142629e-07 -1.1910637383039102e-06 -4.793689962142629e-07 
-0.00010202394957797845 1.740177708597912e-07 0.0 4.550326480057265e-07 2.3968449810713145e-07 -9.513792349480354e-07 4.793689962142629e-07 
-0.00010202394957797845 1.740177708597912e-07 0.0 4.550326480057265e-07 2.3968449810713145e-07 -9.513792349480354e-07 4.793689962142629e-07 
-0.00010178663819374045 1.740177708597912e-07 -4.746227685289731e-07 -1.959011797225685e-08 -1.67779148674992e-06 -1.1910637383039102e-06 -2.3968449810713145e-07 
-0.00010178663819374045 1.740177708597912e-07 -4.746227685289731e-07 -1.959011797225685e-08 -1.67779148674992e-06 -1.1910637383039102e-06 -2.3968449810713145e-07 
-0.00010202394957797845 1.740177708597912e-07 -4.746227685289731e-07 4.550326480057265e-07 -2.3968449810713143e-06 -1.1910637383039102e-06 0.0 
-0.00010202394957797845 1.740177708597912e-07 -4.746227685289731e-07 4.550326480057265e-07 -2.3968449810713143e-06 -1.1910637383039102e-06 0.0 
-0.00010202394957797845 1.740177708597912e-07 -4.746227685289731e-07 -4.942128839502402e-07 -9.587379924285258e-07 -1.4307482274489303e-06 -1.1984224905356572e-06 
-0.00010202394957797845 1.740177708597912e-07 -4.746227685289731e-07 -4.942128839502402e-07 -9.587379924285258e-07 -1.4307482274489303e-06 -1.1984224905356572e-06 
-0.00010202394957797845 1.740177708597912e-07 -2.3731138426448656e-07 -2.569014867503938e-07 -1.1984224905356572e-06 -1.4307482274489303e-06 -1.1984224905356572e-06 
-0.00010202394957797845 1.740177708597912e-07 -2.3731138426448656e-07 -2.569014867503938e-07 -1.1984224905356572e-06 -1.4307482274489303e-06 -1.1984224905356572e-06 
-0.00010178663819374045 1.740177708597912e-07 -2.3731138426448656e-07 -1.959011797225685e-08 -2.3968449810713143e-06 -1.670432730804805e-06 -1.1984224905356572e-06 
-0.00010178663819374045 1.740177708597912e-07 -2.3731138426448656e-07 -1.959011797225685e-08 -2.3968449810713143e-06 -1.670432730804805e-06 -1.1984224905356572e-06 
-0.00010202394957797845 -6.329361212920048e-08 -4.746227685289731e-07 -1.959011797225685e-08 1.1984224905356572e-06 -1.1910637383039102e-06 2.3968449810713145e-07 
-0.00010202394957797845 -6.329361212920048e-08 -4.746227685289731e-07 -1.959011797225685e-08 1.1984224905356572e-06 -1.1910637383039102e-06 2.3968449810713145e-07 
-0.00010154932680944695 1.740177708597912e-07 -7.119341527934597e-07 -4.942128839502402e-07 -4.793689962142629e-07 -1.4307482274489303e-06 7.190534943213943e-07 
-0.00010154932680944695 1.740177708597912e-07 -7.119341527934597e-07 -4.942128839502402e-07 -4.793689962142629e-07 -1.4307482274489303e-06 7.190534943213943e-07 
-0.00010202394957797845 1.740177708597912e-07 0.0 2.1772127922758955e-07 1.1984224905356572e-06 -1.1910637383039102e-06 4.793689962142629e-07 
-0.00010202394957797845 1.740177708597912e-07 0.0 2.1772127922758955e-07 1.1984224905356572e-06 -1.1910637383039102e-06 4.793689962142629e-07 
-0.00010202394957797845 1.740177708597912e-07 7.119341527934597e-07 -1.959011797225685e-08 9.587379924285258e-07 -7.11694738697588e-07 -7.190534943213943e-07 
-0.00010202394957797845 1.740177708597912e-07 7.119341527934597e-07 -1.959011797225685e-08 9.587379924285258e-07 -7.11694738697588e-07 -7.190534943213943e-07 
-0.00010202394957797845 1.740177708597912e-07 4.746227685289731e-07 -4.942128839502402e-07 3.595267471606971e-06 -9.513792349480354e-07 7.190534943213943e-07 
-0.00010202394957797845 1.740177708597912e-07 4.746227685289731e-07 -4.942128839502402e-07 3.595267471606971e-06 -9.513792349480354e-07 7.190534943213943e-07 
-0.00010202394957797845 1.740177708597912e-07 0.0 4.550326480057265e-07 3.834951969714103e-06 -1.670432730804805e-06 7.190534943213943e-07 
-0.00010202394957797845 1.740177708597912e-07 0.0 4.550326480057265e-07 3.834951969714103e-06 -1.670432730804805e-06 7.190534943213943e-07 
-0.00010226126096227195 1.740177708597912e-07 2.3731138426448656e-07 -7.315242669392319e-07 2.3968449810713143e-06 -9.513792349480354e-07 7.190534943213943e-07 
-0.00010226126096227195 1.740177708597912e-07 2.3731138426448656e-07 -7.315242669392319e-07 2.3968449810713143e-06 -9.513792349480354e-07 7.190534943213943e-07 
-0.00010202394957797845 1.740177708597912e-07 0.0 -2.569014867503938e-07 2.6365294791784457e-06 -1.4307482274489303e-06 -4.793689962142629e-07 
-0.00010202394957797845 1.740177708597912e-07 0.0 -2.569014867503938e-07 2.6365294791784457e-06 -1.4307482274489303e-06 -4.793689962142629e-07 
-0.00010202394957797845 1.740177708597912e-07 0.0 -1.959011797225685e-08 1.67779148674992e-06 -7.11694738697588e-07 4.793689962142629e-07 
-0.00010202394957797845 1.740177708597912e-07 0.0 -1.959011797225685e-08 1.67779148674992e-06 -7.11694738697588e-07 4.793689962142629e-07 
-0.00010202394957797845 1.740177708597912e-07 2.3731138426448656e-07 -1.959011797225685e-08 1.1984224905356572e-06 -2.149801730411127e-06 -1.1984224905356572e-06 
-0.00010202394957797845 1.740177708597912e-07 2.3731138426448656e-07 -1.959011797225685e-08 1.1984224905356572e-06 -2.149801730411127e-06 -1.1984224905356572e-06 
-0.00010202394957797845 1.740177708597912e-07 0.0 -1.959011797225685e-08 9.587379924285258e-07 -1.1910637383039102e-06 7.190534943213943e-07 
-0.00010202394957797845 1.740177708597912e-07 0.0 -1.959011797225685e-08 9.587379924285258e-07 -1.1910637383039102e-06 7.190534943213943e-07 
-0.00010226126096227195 1.740177708597912e-07 0.0 -2.569014867503938e-07 -2.3968449810713145e-07 -1.1910637383039102e-06 -9.587379924285258e-07 
-0.00010226126096227195 1.740177708597912e-07 0.0 -2.569014867503938e-07 -2.3968449810713145e-07 -1.1910637383039102e-06 -9.587379924285258e-07 
-0.00010202394957797845 1.740177708597912e-07 -4.746227685289731e-07 4.550326480057265e-07 4.793689962142629e-07 -9.513792349480354e-07 2.3968449810713145e-07 
-0.00010202394957797845 1.740177708597912e-07 -4.746227685289731e-07 4.550326480057265e-07 4.793689962142629e-07 -9.513792349480354e-07 2.3968449810713145e-07 
-0.00010202394957797845 1.740177708597912e-07 0.0 -1.959011797225685e-08 0.0 -1.4307482274489303e-06 2.3968449810713145e-07 
-0.00010202394957797845 1.740177708597912e-07 0.0 -1.959011797225685e-08 0.0 -1.4307482274489303e-06 2.3968449810713145e-07 
-0.00010202394957797845 1.740177708597912e-07 0.0 2.1772127922758955e-07 -2.3968449810713145e-07 -2.149801730411127e-06 4.793689962142629e-07 
-0.00010202394957797845 1.740177708597912e-07 0.0 2.1772127922758955e-07 -2.3968449810713145e-07 -2.149801730411127e-06 4.793689962142629e-07 
-0.00010226126096227195 1.740177708597912e-07 0.0 -1.959011797225685e-08 -4.793689962142629e-07 -1.4307482274489303e-06 -2.3968449810713145e-07 
-0.00010226126096227195 1.740177708597912e-07 0.0 -1.959011797225685e-08 -4.793689962142629e-07 -1.4307482274489303e-06 -2.3968449810713145e-07 
-0.00010202394957797845 1.740177708597912e-07 0.0 -1.959011797225685e-08 -1.4381069886427885e-06 -4.7201024244714063e-07 4.793689962142629e-07 
-0.00010202394957797845 1.740177708597912e-07 0.0 -1.959011797225685e-08 -1.4381069886427885e-06 -4.7201024244714063e-07 4.793689962142629e-07 
-0.00010178663819374045 1.740177708597912e-07 0.0 4.550326480057265e-07 -2.3968449810713145e-07 -9.513792349480354e-07 -2.3968449810713145e-07 
-0.00010178663819374045 1.740177708597912e-07 0.0 4.550326480057265e-07 -2.3968449810713145e-07 -9.513792349480354e-07 -2.3968449810713145e-07 
-0.00010202394957797845 1.740177708597912e-07 0.0 -1.959011797225685e-08 -9.587379924285258e-07 -1.4307482274489303e-06 0.0 
-0.00010202394957797845 1.740177708597912e-07 0.0 -1.959011797225685e-08 -9.587379924285258e-07 -1.4307482274489303e-06 0.0 
-0.00010202394957797845 1.740177708597912e-07 0.0 -1.959011797225685e-08 -4.793689962142629e-07 -1.1910637383039102e-06 1.4381069886427885e-06 
-0.00010202394957797845 1.740177708597912e-07 0.0 -1.959011797225685e-08 -4.793689962142629e-07 -1.1910637383039102e-06 1.4381069886427885e-06 
-0.00010202394957797845 1.740177708597912e-07 0.0 6.923440452055729e-07 -2.3968449810713145e-07 -1.1910637383039102e-06 2.3968449810713145e-07 
-0.00010202394957797845 1.740177708597912e-07 0.0 6.923440452055729e-07 -2.3968449810713145e-07 -1.1910637383039102e-06 2.3968449810713145e-07 
-0.00010202394957797845 1.740177708597912e-07 0.0 -2.569014867503938e-07 -9.587379924285258e-07 -1.1910637383039102e-06 -2.3968449810713145e-07 
-0.00010202394957797845 1.740177708597912e-07 0.0 -2.569014867503938e-07 -9.587379924285258e-07 -1.1910637383039102e-06 -2.3968449810713145e-07 
-0.00010202394957797845 1.740177708597912e-07 0.0 4.550326480057265e-07 1.67779148674992e-06 -1.4307482274489303e-06 0.0 
-0.00010202394957797845 1.740177708597912e-07 0.0 4.550326480057265e-07 1.67779148674992e-06 -1.4307482274489303e-06 0.0 
-0.00010202394957797845 1.740177708597912e-07 0.0 -2.569014867503938e-07 1.67779148674992e-06 -1.9101172270552524e-06 -1.1984224905356572e-06 
-0.00010202394957797845 1.740177708597912e-07 0.0 -2.569014867503938e-07 1.67779148674992e-06 -1.9101172270552524e-06 -1.1984224905356572e-06 
-0.00010178663819374045 1.740177708597912e-07 2.3731138426448656e-07 4.550326480057265e-07 4.793689962142629e-07 -1.9101172270552524e-06 -2.3968449810713145e-07 
-0.00010178663819374045 1.740177708597912e-07 2.3731138426448656e-07 4.550326480057265e-07 4.793689962142629e-07 -1.9101172270552524e-06 -2.3968449810713145e-07 
-0.00010178663819374045 1.740177708597912e-07 0.0 -4.942128839502402e-07 1.9174759848570516e-06 -1.1910637383039102e-06 -2.3968449810713145e-07 
-0.00010178663819374045 1.740177708597912e-07 0.0 -4.942128839502402e-07 1.9174759848570516e-06 -1.1910637383039102e-06 -2.3968449810713145e-07 
-0.00010178663819374045 4.1132916095421024e-07 0.0 -2.569014867503938e-07 -7.190534943213943e-07 -1.9101172270552524e-06 2.3968449810713145e-07 
-0.00010178663819374045 4.1132916095421024e-07 0.0 -2.569014867503938e-07 -7.190534943213943e-07 -1.9101172270552524e-06 2.3968449810713145e-07 
-0.00010226126096227195 1.740177708597912e-07 0.0 -1.959011797225685e-08 7.190534943213943e-07 -7.11694738697588e-07 -1.67779148674992e-06 
-0.00010226126096227195 1.740177708597912e-07 0.0 -1.959011797225685e-08 7.190534943213943e-07 -7.11694738697588e-07 -1.67779148674992e-06 
-0.00010202394957797845 1.740177708597912e-07 0.0 -1.959011797225685e-08 4.793689962142629e-07 -2.149801730411127e-06 -2.3968449810713143e-06 
-0.00010202394957797845 1.740177708597912e-07 0.0 -1.959011797225685e-08 4.793689962142629e-07 -2.149801730411127e-06 -2.3968449810713143e-06 
-0.00010202394957797845 1.740177708597912e-07 0.0 4.550326480057265e-07 4.793689962142629e-07 -1.4307482274489303e-06 -7.190534943213943e-07 
-0.00010202394957797845 1.740177708597912e-07 0.0 4.550326480057265e-07 4.793689962142629e-07 -1.4307482274489303e-06 -7.190534943213943e-07 
-0.00010178663819374045 1.740177708597912e-07 0.0 -1.959011797225685e-08 4.793689962142629e-07 -9.513792349480354e-07 2.3968449810713145e-07 
-0.00010178663819374045 1.740177708597912e-07 0.0 -1.959011797225685e-08 4.793689962142629e-07 -9.513792349480354e-07 2.3968449810713145e-07 
-0.00010202394957797845 1.740177708597912e-07 0.0 2.1772127922758955e-07 1.1984224905356572e-06 -9.513792349480354e-07 0.0 
-0.00010202394957797845 1.740177708597912e-07 0.0 2.1772127922758955e-07 1.1984224905356572e-06 -9.513792349480354e-07 0.0 
-0.00010154932680944695 1.740177708597912e-07 0.0 4.550326480057265e-07 9.587379924285258e-07 -1.670432730804805e-06 0.0 
-0.00010154932680944695 1.740177708597912e-07 0.0 4.550326480057265e-07 9.587379924285258e-07 -1.670432730804805e-06 0.0 
-0.00010202394957797845 1.740177708597912e-07 2.3731138426448656e-07 -1.959011797225685e-08 0.0 -1.670432730804805e-06 0.0 
-0.00010202394957797845 1.740177708597912e-07 2.3731138426448656e-07 -1.959011797225685e-08 0.0 -1.670432730804805e-06 0.0 
-0.00010202394957797845 1.740177708597912e-07 0.0 -2.569014867503938e-07 4.793689962142629e-07 -1.9101172270552524e-06 -4.793689962142629e-07 
-0.00010202394957797845 1.740177708597912e-07 0.0 -2.569014867503938e-07 4.793689962142629e-07 -1.9101172270552524e-06 -4.793689962142629e-07 
-0.00010249857234650994 1.740177708597912e-07 2.3731138426448656e-07 4.550326480057265e-07 2.3968449810713145e-07 -2.149801730411127e-06 2.3968449810713145e-07 
-0.00010249857234650994 1.740177708597912e-07 2.3731138426448656e-07 4.550326480057265e-07 2.3968449810713145e-07 -2.149801730411127e-06 2.3968449810713145e-07 
-0.00010202394957797845 1.740177708597912e-07 0.0 4.550326480057265e-07 1.1984224905356572e-06 -1.1910637383039102e-06 2.3968449810713145e-07 
-0.00010202394957797845 1.740177708597912e-07 0.0 4.550326480057265e-07 1.1984224905356572e-06 -1.1910637383039102e-06 2.3968449810713145e-07 
-0.00010178663819374045 1.740177708597912e-07 2.3731138426448656e-07 -2.569014867503938e-07 0.0 -1.9101172270552524e-06 0.0 
-0.00010178663819374045 1.740177708597912e-07 2.3731138426448656e-07 -2.569014867503938e-07 0.0 -1.9101172270552524e-06 0.0 
-0.00010202394957797845 1.740177708597912e-07 0.0 -1.959011797225685e-08 4.793689962142629e-07 -1.4307482274489303e-06 -7.190534943213943e-07 
-0.00010202394957797845 1.740177708597912e-07 0.0 -1.959011797225685e-08 4.793689962142629e-07 -1.4307482274489303e-06 -7.190534943213943e-07 
-0.00010202394957797845 -6.329361212920048e-08 0.0 -2.569014867503938e-07 -2.3968449810713145e-07 -1.9101172270552524e-06 -2.3968449810713145e-07 
-0.00010202394957797845 -6.329361212920048e-08 0.0 -2.569014867503938e-07 -2.3968449810713145e-07 -1.9101172270552524e-06 -2.3968449810713145e-07 
-0.00010202394957797845 1.740177708597912e-07 0.0 4.550326480057265e-07 4.793689962142629e-07 -1.9101172270552524e-06 7.190534943213943e-07 
-0.00010202394957797845 1.740177708597912e-07 0.0 4.550326480057265e-07 4.793689962142629e-07 -1.9101172270552524e-06 7.190534943213943e-07 
-0.00010202394957797845 1.740177708597912e-07 0.0 -2.569014867503938e-07 -4.793689962142629e-07 -1.670432730804805e-06 4.793689962142629e-07 
-0.00010202394957797845 1.740177708597912e-07 0.0 -2.569014867503938e-07 -4.793689962142629e-07 -1.670432730804805e-06 4.793689962142629e-07 
-0.00010202394957797845 1.740177708597912e-07 0.0 -1.959011797225685e-08 -2.3968449810713145e-07 -1.1910637383039102e-06 2.3968449810713145e-07 
-0.00010202394957797845 1.740177708597912e-07 0.0 -1.959011797225685e-08 -2.3968449810713145e-07 -1.1910637383039102e-06 2.3968449810713145e-07 
-0.00010202394957797845 1.740177708597912e-07 -2.3731138426448656e-07 -2.569014867503938e-07 7.190534943213943e-07 -1.670432730804805e-06 0.0 
-0.00010202394957797845 1.740177708597912e-07 -2.3731138426448656e-07 -2.569014867503938e-07 7.190534943213943e-07 -1.670432730804805e-06 0.0 
-0.00010202394957797845 1.740177708597912e-07 0.0 -4.942128839502402e-07 -7.190534943213943e-07 -1.1910637383039102e-06 -2.3968449810713145e-07 
-0.00010202394957797845 1.740177708597912e-07 0.0 -4.942128839502402e-07 -7.190534943213943e-07 -1.1910637383039102e-06 -2.3968449810713145e-07 
-0.00010202394957797845 1.740177708597912e-07 0.0 -1.959011797225685e-08 4.793689962142629e-07 -9.513792349480354e-07 2.3968449810713145e-07 
-0.00010202394957797845 1.740177708597912e-07 0.0 -1.959011797225685e-08 4.793689962142629e-07 -9.513792349480354e-07 2.3968449810713145e-07 
-0.00010202394957797845 1.740177708597912e-07 0.0 4.550326480057265e-07 2.3968449810713145e-07 -1.4307482274489303e-06 2.3968449810713145e-07 
-0.00010202394957797845 1.740177708597912e-07 0.0 4.550326480057265e-07 2.3968449810713145e-07 -1.4307482274489303e-06 2.3968449810713145e-07 
-0.00010202394957797845 1.740177708597912e-07 0.0 -1.959011797225685e-08 1.67779148674992e-06 -2.149801730411127e-06 -4.793689962142629e-07 
-0.00010202394957797845 1.740177708597912e-07 0.0 -1.959011797225685e-08 1.67779148674992e-06 -2.149801730411127e-06 -4.793689962142629e-07 
-0.00010202394957797845 1.740177708597912e-07 4.746227685289731e-07 -1.959011797225685e-08 9.587379924285258e-07 -1.670432730804805e-06 -2.3968449810713145e-07 
-0.00010202394957797845 1.740177708597912e-07 4.746227685289731e-07 -1.959011797225685e-08 9.587379924285258e-07 -1.670432730804805e-06 -2.3968449810713145e-07 
-0.00010226126096227195 1.740177708597912e-07 0.0 -2.569014867503938e-07 0.0 -1.4307482274489303e-06 -7.190534943213943e-07 
-0.00010226126096227195 1.740177708597912e-07 0.0 -2.569014867503938e-07 0.0 -1.4307482274489303e-06 -7.190534943213943e-07 
-0.00010226126096227195 1.740177708597912e-07 0.0 -4.942128839502402e-07 1.4381069886427885e-06 -1.4307482274489303e-06 -9.587379924285258e-07 
-0.00010226126096227195 1.740177708597912e-07 0.0 -4.942128839502402e-07 1.4381069886427885e-06 -1.4307482274489303e-06 -9.587379924285258e-07 
-0.00010202394957797845 1.740177708597912e-07 4.746227685289731e-07 -1.959011797225685e-08 1.1984224905356572e-06 -1.670432730804805e-06 2.3968449810713145e-07 
-0.00010202394957797845 1.740177708597912e-07 4.746227685289731e-07 -1.959011797225685e-08 1.1984224905356572e-06 -1.670432730804805e-06 2.3968449810713145e-07 
-0.00010202394957797845 1.740177708597912e-07 0.0 -1.959011797225685e-08 7.190534943213943e-07 -1.4307482274489303e-06 -4.793689962142629e-07 
-0.00010202394957797845 1.740177708597912e-07 0.0 -1.959011797225685e-08 7.190534943213943e-07 -1.4307482274489303e-06 -4.793689962142629e-07 
-0.00010202394957797845 1.740177708597912e-07 0.0 -1.959011797225685e-08 4.793689962142629e-07 -2.149801730411127e-06 -4.793689962142629e-07 
-0.00010202394957797845 1.740177708597912e-07 0.0 -1.959011797225685e-08 4.793689962142629e-07 -2.149801730411127e-06 -4.793689962142629e-07 
-0.00010202394957797845 1.740177708597912e-07 0.0 -1.959011797225685e-08 9.587379924285258e-07 -1.670432730804805e-06 2.3968449810713145e-07 
-0.00010202394957797845 1.740177708597912e-07 0.0 -1.959011797225685e-08 9.587379924285258e-07 -1.670432730804805e-06 2.3968449810713145e-07 
-0.00010202394957797845 1.740177708597912e-07 0.0 -1.959011797225685e-08 1.4381069886427885e-06 -1.9101172270552524e-06 -7.190534943213943e-07 
-0.00010202394957797845 1.740177708597912e-07 0.0 -1.959011797225685e-08 1.4381069886427885e-06 -1.9101172270552524e-06 -7.190534943213943e-07 
-0.00010202394957797845 1.740177708597912e-07 0.0 4.550326480057265e-07 -2.3968449810713145e-07 -7.11694738697588e-07 -1.1984224905356572e-06 
-0.00010202394957797845 1.740177708597912e-07 0.0 4.550326480057265e-07 -2.3968449810713145e-07 -7.11694738697588e-07 -1.1984224905356572e-06 
-0.00010202394957797845 1.740177708597912e-07 0.0 2.1772127922758955e-07 7.190534943213943e-07 -2.149801730411127e-06 -2.3968449810713145e-07 
-0.00010202394957797845 1.740177708597912e-07 0.0 2.1772127922758955e-07 7.190534943213943e-07 -2.149801730411127e-06 -2.3968449810713145e-07 
-0.00010202394957797845 1.740177708597912e-07 2.3731138426448656e-07 -2.569014867503938e-07 1.1984224905356572e-06 -2.3232574619669322e-07 -1.4381069886427885e-06 
-0.00010202394957797845 1.740177708597912e-07 2.3731138426448656e-07 -2.569014867503938e-07 1.1984224905356572e-06 -2.3232574619669322e-07 -1.4381069886427885e-06 
-0.00010202394957797845 1.740177708597912e-07 -2.3731138426448656e-07 -2.569014867503938e-07 9.587379924285258e-07 -9.513792349480354e-07 -7.190534943213943e-07 
-0.00010202394957797845 1.740177708597912e-07 -2.3731138426448656e-07 -2.569014867503938e-07 9.587379924285258e-07 -9.513792349480354e-07 -7.190534943213943e-07 
-0.00010202394957797845 1.740177708597912e-07 -2.3731138426448656e-07 -2.569014867503938e-07 7.190534943213943e-07 -1.9101172270552524e-06 -2.3968449810713145e-07 
-0.00010202394957797845 1.740177708597912e-07 -2.3731138426448656e-07 -2.569014867503938e-07 7.190534943213943e-07 -1.9101172270552524e-06 -2.3968449810713145e-07 
-0.00010226126096227195 1.740177708597912e-07 0.0 -1.959011797225685e-08 0.0 -1.1910637383039102e-06 -9.587379924285258e-07 
-0.00010226126096227195 1.740177708597912e-07 0.0 -1.959011797225685e-08 0.0 -1.1910637383039102e-06 -9.587379924285258e-07 
-0.00010202394957797845 1.740177708597912e-07 0.0 4.550326480057265e-07 0.0 -1.9101172270552524e-06 -4.793689962142629e-07 
-0.00010202394957797845 1.740177708597912e-07 0.0 4.550326480057265e-07 0.0 -1.9101172270552524e-06 -4.793689962142629e-07 
-0.00010202394957797845 1.740177708597912e-07 0.0 2.1772127922758955e-07 7.190534943213943e-07 -1.4307482274489303e-06 -4.793689962142629e-07 
-0.00010202394957797845 1.740177708597912e-07 0.0 2.1772127922758955e-07 7.190534943213943e-07 -1.4307482274489303e-06 -4.793689962142629e-07 
-0.00010202394957797845 1.740177708597912e-07 0.0 2.1772127922758955e-07 7.190534943213943e-07 -1.9101172270552524e-06 4.793689962142629e-07 
-0.00010202394957797845 1.740177708597912e-07 0.0 2.1772127922758955e-07 7.190534943213943e-07 -1.9101172270552524e-06 4.793689962142629e-07 
-0.00010178663819374045 1.740177708597912e-07 0.0 -4.942128839502402e-07 2.3968449810713145e-07 -1.1910637383039102e-06 2.3968449810713145e-07 
-0.00010178663819374045 1.740177708597912e-07 0.0 -4.942128839502402e-07 2.3968449810713145e-07 -1.1910637383039102e-06 2.3968449810713145e-07 
-0.00010202394957797845 1.740177708597912e-07 4.746227685289731e-07 -1.959011797225685e-08 2.3968449810713145e-07 -1.4307482274489303e-06 -1.1984224905356572e-06 
-0.00010202394957797845 1.740177708597912e-07 4.746227685289731e-07 -1.959011797225685e-08 2.3968449810713145e-07 -1.4307482274489303e-06 -1.1984224905356572e-06 
-0.00010202394957797845 1.740177708597912e-07 0.0 2.1772127922758955e-07 0.0 -1.1910637383039102e-06 -2.3968449810713145e-07 
-0.00010202394957797845 1.740177708597912e-07 0.0 2.1772127922758955e-07 0.0 -1.1910637383039102e-06 -2.3968449810713145e-07 
-0.00010202394957797845 1.740177708597912e-07 0.0 -1.959011797225685e-08 2.3968449810713145e-07 -7.11694738697588e-07 -1.67779148674992e-06 
-0.00010202394957797845 1.740177708597912e-07 0.0 -1.959011797225685e-08 2.3968449810713145e-07 -7.11694738697588e-07 -1.67779148674992e-06 
-0.00010202394957797845 1.740177708597912e-07 2.3731138426448656e-07 -1.959011797225685e-08 0.0 -9.513792349480354e-07 -4.793689962142629e-07 
-0.00010202394957797845 1.740177708597912e-07 2.3731138426448656e-07 -1.959011797225685e-08 0.0 -9.513792349480354e-07 -4.793689962142629e-07 
-0.00010202394957797845 1.740177708597912e-07 0.0 -1.959011797225685e-08 4.793689962142629e-07 -1.4307482274489303e-06 -9.587379924285258e-07 
-0.00010202394957797845 1.740177708597912e-07 0.0 -1.959011797225685e-08 4.793689962142629e-07 -1.4307482274489303e-06 -9.587379924285258e-07 
-0.00010202394957797845 1.740177708597912e-07 0.0 -7.315242669392319e-07 7.190534943213943e-07 -1.4307482274489303e-06 1.1984224905356572e-06 
-0.00010202394957797845 1.740177708597912e-07 0.0 -7.315242669392319e-07 7.190534943213943e-07 -1.4307482274489303e-06 1.1984224905356572e-06 
-0.00010178663819374045 1.740177708597912e-07 0.0 -4.942128839502402e-07 9.587379924285258e-07 -1.4307482274489303e-06 -1.1984224905356572e-06 
-0.00010178663819374045 1.740177708597912e-07 0.0 -4.942128839502402e-07 9.587379924285258e-07 -1.4307482274489303e-06 -1.1984224905356572e-06 
-0.00010202394957797845 1.740177708597912e-07 0.0 -2.569014867503938e-07 2.157160482964183e-06 -1.4307482274489303e-06 -7.190534943213943e-07 
-0.00010202394957797845 1.740177708597912e-07 0.0 -2.569014867503938e-07 2.157160482964183e-06 -1.4307482274489303e-06 -7.190534943213943e-07 
-0.00010226126096227195 1.740177708597912e-07 0.0 -4.942128839502402e-07 4.793689962142629e-07 -1.1910637383039102e-06 9.587379924285258e-07 
-0.00010226126096227195 1.740177708597912e-07 0.0 -4.942128839502402e-07 4.793689962142629e-07 -1.1910637383039102e-06 9.587379924285258e-07 
-0.00010178663819374045 1.740177708597912e-07 0.0 -4.942128839502402e-07 7.190534943213943e-07 -1.1910637383039102e-06 -1.4381069886427885e-06 
-0.00010178663819374045 1.740177708597912e-07 0.0 -4.942128839502402e-07 7.190534943213943e-07 -1.1910637383039102e-06 -1.4381069886427885e-06 
-0.00010178663819374045 1.740177708597912e-07 -2.3731138426448656e-07 -2.569014867503938e-07 -2.3968449810713145e-07 -1.9101172270552524e-06 2.3968449810713145e-07 
-0.00010178663819374045 1.740177708597912e-07 -2.3731138426448656e-07 -2.569014867503938e-07 -2.3968449810713145e-07 -1.9101172270552524e-06 2.3968449810713145e-07 
-0.00010178663819374045 1.740177708597912e-07 0.0 -1.959011797225685e-08 0.0 -1.1910637383039102e-06 0.0 
-0.00010178663819374045 1.740177708597912e-07 0.0 -1.959011797225685e-08 0.0 -1.1910637383039102e-06 0.0 
-0.00010178663819374045 1.740177708597912e-07 0.0 2.1772127922758955e-07 4.793689962142629e-07 -1.1910637383039102e-06 -7.190534943213943e-07 
-0.00010178663819374045 1.740177708597912e-07 0.0 2.1772127922758955e-07 4.793689962142629e-07 -1.1910637383039102e-06 -7.190534943213943e-07 
-0.00010202394957797845 1.740177708597912e-07 2.3731138426448656e-07 2.1772127922758955e-07 1.1984224905356572e-06 -1.4307482274489303e-06 -4.793689962142629e-07 
-0.00010202394957797845 1.740177708597912e-07 2.3731138426448656e-07 2.1772127922758955e-07 1.1984224905356572e-06 -1.4307482274489303e-06 -4.793689962142629e-07 
-0.00010202394957797845 1.740177708597912e-07 0.0 4.550326480057265e-07 9.587379924285258e-07 -1.1910637383039102e-06 0.0 
-0.00010202394957797845 1.740177708597912e-07 0.0 4.550326480057265e-07 9.587379924285258e-07 -1.1910637383039102e-06 0.0 
-0.00010202394957797845 1.740177708597912e-07 -2.3731138426448656e-07 2.1772127922758955e-07 4.793689962142629e-07 -1.1910637383039102e-06 -4.793689962142629e-07 
-0.00010202394957797845 1.740177708597912e-07 -2.3731138426448656e-07 2.1772127922758955e-07 4.793689962142629e-07 -1.1910637383039102e-06 -4.793689962142629e-07 
-0.00010202394957797845 1.740177708597912e-07 0.0 -4.942128839502402e-07 2.3968449810713145e-07 -1.4307482274489303e-06 0.0 
-0.00010202394957797845 1.740177708597912e-07 0.0 -4.942128839502402e-07 2.3968449810713145e-07 -1.4307482274489303e-06 0.0 
-0.00010202394957797845 1.740177708597912e-07 0.0 2.1772127922758955e-07 0.0 -1.670432730804805e-06 -1.1984224905356572e-06 
-0.00010202394957797845 1.740177708597912e-07 0.0 2.1772127922758955e-07 0.0 -1.670432730804805e-06 -1.1984224905356572e-06 
-0.00010202394957797845 1.740177708597912e-07 0.0 -1.959011797225685e-08 9.587379924285258e-07 -1.9101172270552524e-06 2.3968449810713145e-07 
-0.00010202394957797845 1.740177708597912e-07 0.0 -1.959011797225685e-08 9.587379924285258e-07 -1.9101172270552524e-06 2.3968449810713145e-07 
-0.00010226126096227195 1.740177708597912e-07 -2.3731138426448656e-07 -2.569014867503938e-07 7.190534943213943e-07 -1.1910637383039102e-06 -7.190534943213943e-07 
-0.00010226126096227195 1.740177708597912e-07 -2.3731138426448656e-07 -2.569014867503938e-07 7.190534943213943e-07 -1.1910637383039102e-06 -7.190534943213943e-07 
-0.00010202394957797845 1.740177708597912e-07 0.0 -1.959011797225685e-08 4.793689962142629e-07 -1.4307482274489303e-06 0.0 
-0.00010202394957797845 1.740177708597912e-07 0.0 -1.959011797225685e-08 4.793689962142629e-07 -1.4307482274489303e-06 0.0 
-0.00010202394957797845 1.740177708597912e-07 0.0 6.923440452055729e-07 7.190534943213943e-07 -1.4307482274489303e-06 -2.3968449810713145e-07 
-0.00010202394957797845 1.740177708597912e-07 0.0 6.923440452055729e-07 7.190534943213943e-07 -1.4307482274489303e-06 -2.3968449810713145e-07 
-0.00010202394957797845 1.740177708597912e-07 0.0 -2.569014867503938e-07 -7.190534943213943e-07 -2.149801730411127e-06 -1.9174759848570516e-06 
-0.00010202394957797845 1.740177708597912e-07 0.0 -2.569014867503938e-07 -7.190534943213943e-07 -2.149801730411127e-06 -1.9174759848570516e-06 
-0.00010202394957797845 1.740177708597912e-07 0.0 -2.569014867503938e-07 0.0 -1.670432730804805e-06 2.3968449810713145e-07 
-0.00010202394957797845 1.740177708597912e-07 0.0 -2.569014867503938e-07 0.0 -1.670432730804805e-06 2.3968449810713145e-07 
-0.00010202394957797845 1.740177708597912e-07 0.0 -1.959011797225685e-08 -7.190534943213943e-07 -1.1910637383039102e-06 -4.793689962142629e-07 
-0.00010202394957797845 1.740177708597912e-07 0.0 -1.959011797225685e-08 -7.190534943213943e-07 -1.1910637383039102e-06 -4.793689962142629e-07 
-0.00010202394957797845 1.740177708597912e-07 0.0 -1.959011797225685e-08 4.793689962142629e-07 -1.4307482274489303e-06 2.3968449810713145e-07 
-0.00010202394957797845 1.740177708597912e-07 0.0 -1.959011797225685e-08 4.793689962142629e-07 -1.4307482274489303e-06 2.3968449810713145e-07 
-0.00010202394957797845 1.740177708597912e-07 0.0 -1.959011797225685e-08 -2.3968449810713145e-07 -1.1910637383039102e-06 -4.793689962142629e-07 
-0.00010202394957797845 1.740177708597912e-07 0.0 -1.959011797225685e-08 -2.3968449810713145e-07 -1.1910637383039102e-06 -4.793689962142629e-07 
-0.00010178663819374045 1.740177708597912e-07 -4.746227685289731e-07 -1.959011797225685e-08 1.1984224905356572e-06 -1.670432730804805e-06 4.793689962142629e-07 
-0.00010178663819374045 1.740177708597912e-07 -4.746227685289731e-07 -1.959011797225685e-08 1.1984224905356572e-06 -1.670432730804805e-06 4.793689962142629e-07 
-0.00010202394957797845 1.740177708597912e-07 2.3731138426448656e-07 -4.942128839502402e-07 -2.3968449810713145e-07 -1.670432730804805e-06 -2.157160482964183e-06 
-0.00010202394957797845 1.740177708597912e-07 2.3731138426448656e-07 -4.942128839502402e-07 -2.3968449810713145e-07 -1.670432730804805e-06 -2.157160482964183e-06 
-0.00010202394957797845 1.740177708597912e-07 0.0 -1.959011797225685e-08 0.0 -1.4307482274489303e-06 -4.793689962142629e-07 
-0.00010202394957797845 1.740177708597912e-07 0.0 -1.959011797225685e-08 0.0 -1.4307482274489303e-06 -4.793689962142629e-07 
-0.00010202394957797845 1.740177708597912e-07 0.0 -1.959011797225685e-08 7.190534943213943e-07 -1.4307482274489303e-06 9.587379924285258e-07 
-0.00010202394957797845 1.740177708597912e-07 0.0 -1.959011797225685e-08 7.190534943213943e-07 -1.4307482274489303e-06 9.587379924285258e-07 
-0.00010202394957797845 1.740177708597912e-07 -2.3731138426448656e-07 -2.569014867503938e-07 7.190534943213943e-07 -2.149801730411127e-06 -1.1984224905356572e-06 
-0.00010202394957797845 1.740177708597912e-07 -2.3731138426448656e-07 -2.569014867503938e-07 7.190534943213943e-07 -2.149801730411127e-06 -1.1984224905356572e-06 
-0.00010178663819374045 1.740177708597912e-07 -4.746227685289731e-07 4.550326480057265e-07 2.3968449810713145e-07 -1.4307482274489303e-06 -1.1984224905356572e-06 
-0.00010178663819374045 1.740177708597912e-07 -4.746227685289731e-07 4.550326480057265e-07 2.3968449810713145e-07 -1.4307482274489303e-06 -1.1984224905356572e-06 
-0.00010178663819374045 1.740177708597912e-07 0.0 2.1772127922758955e-07 2.3968449810713145e-07 -7.11694738697588e-07 -1.67779148674992e-06 
-0.00010178663819374045 1.740177708597912e-07 0.0 2.1772127922758955e-07 2.3968449810713145e-07 -7.11694738697588e-07 -1.67779148674992e-06 
-0.00010202394957797845 1.740177708597912e-07 0.0 -1.959011797225685e-08 4.793689962142629e-07 -2.149801730411127e-06 4.793689962142629e-07 
-0.00010202394957797845 1.740177708597912e-07 0.0 -1.959011797225685e-08 4.793689962142629e-07 -2.149801730411127e-06 4.793689962142629e-07 
-0.00010154932680944695 1.740177708597912e-07 0.0 -2.569014867503938e-07 7.190534943213943e-07 -1.1910637383039102e-06 -2.3968449810713145e-07 
-0.00010154932680944695 1.740177708597912e-07 0.0 -2.569014867503938e-07 7.190534943213943e-07 -1.1910637383039102e-06 -2.3968449810713145e-07 
-0.00010178663819374045 1.740177708597912e-07 0.0 4.550326480057265e-07 7.190534943213943e-07 -1.4307482274489303e-06 -9.587379924285258e-07 
-0.00010178663819374045 1.740177708597912e-07 0.0 4.550326480057265e-07 7.190534943213943e-07 -1.4307482274489303e-06 -9.587379924285258e-07 
-0.00010202394957797845 1.740177708597912e-07 0.0 -2.569014867503938e-07 0.0 -1.9101172270552524e-06 0.0 
-0.00010202394957797845 1.740177708597912e-07 0.0 -2.569014867503938e-07 0.0 -1.9101172270552524e-06 0.0 
-0.00010226126096227195 1.740177708597912e-07 0.0 -2.569014867503938e-07 7.190534943213943e-07 -2.868855226267897e-06 2.3968449810713145e-07 
-0.00010226126096227195 1.740177708597912e-07 0.0 -2.569014867503938e-07 7.190534943213943e-07 -2.868855226267897e-06 2.3968449810713145e-07 
-0.00010202394957797845 1.740177708597912e-07 0.0 -1.959011797225685e-08 1.67779148674992e-06 -1.9101172270552524e-06 -7.190534943213943e-07 
-0.00010202394957797845 1.740177708597912e-07 0.0 -1.959011797225685e-08 1.67779148674992e-06 -1.9101172270552524e-06 -7.190534943213943e-07 
-0.00010202394957797845 1.740177708597912e-07 -4.746227685289731e-07 -2.569014867503938e-07 -2.3968449810713145e-07 -9.513792349480354e-07 4.793689962142629e-07 
-0.00010202394957797845 1.740177708597912e-07 -4.746227685289731e-07 -2.569014867503938e-07 -2.3968449810713145e-07 -9.513792349480354e-07 4.793689962142629e-07 
-0.00010202394957797845 1.740177708597912e-07 0.0 2.1772127922758955e-07 -2.3968449810713145e-07 -1.1910637383039102e-06 -1.1984224905356572e-06 
-0.00010202394957797845 1.740177708597912e-07 0.0 2.1772127922758955e-07 -2.3968449810713145e-07 -1.1910637383039102e-06 -1.1984224905356572e-06 
-0.00010202394957797845 1.740177708597912e-07 4.746227685289731e-07 -2.569014867503938e-07 1.4381069886427885e-06 -1.670432730804805e-06 -4.793689962142629e-07 
-0.00010202394957797845 1.740177708597912e-07 4.746227685289731e-07 -2.569014867503938e-07 1.4381069886427885e-06 -1.670432730804805e-06 -4.793689962142629e-07 
-0.00010226126096227195 -6.329361212920048e-08 0.0 4.550326480057265e-07 4.793689962142629e-07 -2.149801730411127e-06 9.587379924285258e-07 
-0.00010226126096227195 -6.329361212920048e-08 0.0 4.550326480057265e-07 4.793689962142629e-07 -2.149801730411127e-06 9.587379924285258e-07 
-0.00010226126096227195 1.740177708597912e-07 0.0 2.1772127922758955e-07 7.190534943213943e-07 -1.670432730804805e-06 -4.793689962142629e-07 
-0.00010226126096227195 1.740177708597912e-07 0.0 2.1772127922758955e-07 7.190534943213943e-07 -1.670432730804805e-06 -4.793689962142629e-07 
-0.00010226126096227195 1.740177708597912e-07 -2.3731138426448656e-07 -1.959011797225685e-08 1.4381069886427885e-06 -1.670432730804805e-06 -4.793689962142629e-07 
-0.00010226126096227195 1.740177708597912e-07 -2.3731138426448656e-07 -1.959011797225685e-08 1.4381069886427885e-06 -1.670432730804805e-06 -4.793689962142629e-07 
-0.00010202394957797845 1.740177708597912e-07 0.0 -1.959011797225685e-08 -2.3968449810713145e-07 -7.11694738697588e-07 0.0 
-0.00010202394957797845 1.740177708597912e-07 0.0 -1.959011797225685e-08 -2.3968449810713145e-07 -7.11694738697588e-07 0.0 
-0.00010202394957797845 1.740177708597912e-07 0.0 -1.959011797225685e-08 2.3968449810713145e-07 -1.1910637383039102e-06 -2.3968449810713145e-07 
-0.00010202394957797845 1.740177708597912e-07 0.0 -1.959011797225685e-08 2.3968449810713145e-07 -1.1910637383039102e-06 -2.3968449810713145e-07 
-0.00010202394957797845 1.740177708597912e-07 0.0 -1.959011797225685e-08 -7.190534943213943e-07 -4.7201024244714063e-07 -4.793689962142629e-07 
-0.00010202394957797845 1.740177708597912e-07 0.0 -1.959011797225685e-08 -7.190534943213943e-07 -4.7201024244714063e-07 -4.793689962142629e-07 
-0.00010202394957797845 1.740177708597912e-07 -4.746227685289731e-07 -7.315242669392319e-07 -1.1984224905356572e-06 -1.4307482274489303e-06 -9.587379924285258e-07 
-0.00010202394957797845 1.740177708597912e-07 -4.746227685289731e-07 -7.315242669392319e-07 -1.1984224905356572e-06 -1.4307482274489303e-06 -9.587379924285258e-07 
-0.00010202394957797845 1.740177708597912e-07 0.0 -4.942128839502402e-07 0.0 -9.513792349480354e-07 7.190534943213943e-07 
-0.00010202394957797845 1.740177708597912e-07 0.0 -4.942128839502402e-07 0.0 -9.513792349480354e-07 7.190534943213943e-07 
-0.00010226126096227195 1.740177708597912e-07 0.0 -1.959011797225685e-08 4.793689962142629e-07 -1.670432730804805e-06 2.3968449810713145e-07 
-0.00010226126096227195 1.740177708597912e-07 0.0 -1.959011797225685e-08 4.793689962142629e-07 -1.670432730804805e-06 2.3968449810713145e-07 
-0.00010249857234650994 1.740177708597912e-07 0.0 2.1772127922758955e-07 9.587379924285258e-07 -9.513792349480354e-07 0.0 
-0.00010249857234650994 1.740177708597912e-07 0.0 2.1772127922758955e-07 9.587379924285258e-07 -9.513792349480354e-07 0.0 
-0.00010202394957797845 1.740177708597912e-07 0.0 2.1772127922758955e-07 1.67779148674992e-06 -1.4307482274489303e-06 2.3968449810713145e-07 
-0.00010202394957797845 1.740177708597912e-07 0.0 2.1772127922758955e-07 1.67779148674992e-06 -1.4307482274489303e-06 2.3968449810713145e-07 
-0.00010178663819374045 4.1132916095421024e-07 -2.3731138426448656e-07 4.550326480057265e-07 0.0 -1.670432730804805e-06 7.190534943213943e-07 
-0.00010178663819374045 4.1132916095421024e-07 -2.3731138426448656e-07 4.550326480057265e-07 0.0 -1.670432730804805e-06 7.190534943213943e-07 
-0.00010202394957797845 1.740177708597912e-07 -4.746227685289731e-07 -1.959011797225685e-08 -2.3968449810713145e-07 -1.1910637383039102e-06 -2.3968449810713145e-07 
-0.00010202394957797845 1.740177708597912e-07 -4.746227685289731e-07 -1.959011797225685e-08 -2.3968449810713145e-07 -1.1910637383039102e-06 -2.3968449810713145e-07 
-0.00010202394957797845 -6.329361212920048e-08 2.3731138426448656e-07 -1.959011797225685e-08 1.4381069886427885e-06 -1.4307482274489303e-06 2.3968449810713145e-07 
-0.00010202394957797845 -6.329361212920048e-08 2.3731138426448656e-07 -1.959011797225685e-08 1.4381069886427885e-06 -1.4307482274489303e-06 2.3968449810713145e-07 
-0.00010202394957797845 1.740177708597912e-07 0.0 -4.942128839502402e-07 4.793689962142629e-07 -1.4307482274489303e-06 -2.3968449810713145e-07 
-0.00010202394957797845 1.740177708597912e-07 0.0 -4.942128839502402e-07 4.793689962142629e-07 -1.4307482274489303e-06 -2.3968449810713145e-07 
-0.00010202394957797845 1.740177708597912e-07 0.0 -1.959011797225685e-08 1.4381069886427885e-06 -1.670432730804805e-06 -2.157160482964183e-06 
-0.00010202394957797845 1.740177708597912e-07 0.0 -1.959011797225685e-08 1.4381069886427885e-06 -1.670432730804805e-06 -2.157160482964183e-06 
-0.00010202394957797845 -6.329361212920048e-08 0.0 -1.959011797225685e-08 4.793689962142629e-07 -1.4307482274489303e-06 1.9174759848570516e-06 
-0.00010202394957797845 -6.329361212920048e-08 0.0 -1.959011797225685e-08 4.793689962142629e-07 -1.4307482274489303e-06 1.9174759848570516e-06 
-0.00010178663819374045 1.740177708597912e-07 0.0 2.1772127922758955e-07 4.793689962142629e-07 -1.1910637383039102e-06 2.3968449810713145e-07 
-0.00010178663819374045 1.740177708597912e-07 0.0 2.1772127922758955e-07 4.793689962142629e-07 -1.1910637383039102e-06 2.3968449810713145e-07 
-0.00010202394957797845 1.740177708597912e-07 0.0 -4.942128839502402e-07 7.190534943213943e-07 -9.513792349480354e-07 -4.793689962142629e-07 
-0.00010202394957797845 1.740177708597912e-07 0.0 -4.942128839502402e-07 7.190534943213943e-07 -9.513792349480354e-07 -4.793689962142629e-07 
-0.00010178663819374045 1.740177708597912e-07 0.0 -2.569014867503938e-07 -4.793689962142629e-07 -1.670432730804805e-06 -7.190534943213943e-07 
-0.00010178663819374045 1.740177708597912e-07 0.0 -2.569014867503938e-07 -4.793689962142629e-07 -1.670432730804805e-06 -7.190534943213943e-07 
-0.00010202394957797845 1.740177708597912e-07 -2.3731138426448656e-07 -1.959011797225685e-08 0.0 -1.4307482274489303e-06 -4.793689962142629e-07 
-0.00010202394957797845 1.740177708597912e-07 -2.3731138426448656e-07 -1.959011797225685e-08 0.0 -1.4307482274489303e-06 -4.793689962142629e-07 
-0.00010202394957797845 1.740177708597912e-07 -2.3731138426448656e-07 -1.959011797225685e-08 7.190534943213943e-07 -1.1910637383039102e-06 -4.793689962142629e-07 
-0.00010202394957797845 1.740177708597912e-07 -2.3731138426448656e-07 -1.959011797225685e-08 7.190534943213943e-07 -1.1910637383039102e-06 -4.793689962142629e-07 
-0.00010202394957797845 1.740177708597912e-07 -4.746227685289731e-07 6.923440452055729e-07 1.4381069886427885e-06 -1.1910637383039102e-06 -1.67779148674992e-06 
-0.00010202394957797845 1.740177708597912e-07 -4.746227685289731e-07 6.923440452055729e-07 1.4381069886427885e-06 -1.1910637383039102e-06 -1.67779148674992e-06 
-0.00010202394957797845 1.740177708597912e-07 0.0 4.550326480057265e-07 2.3968449810713145e-07 -1.4307482274489303e-06 -1.1984224905356572e-06 
-0.00010202394957797845 1.740177708597912e-07 0.0 4.550326480057265e-07 2.3968449810713145e-07 -1.4307482274489303e-06 -1.1984224905356572e-06 
-0.00010226126096227195 1.740177708597912e-07 0.0 -1.959011797225685e-08 -7.190534943213943e-07 -9.513792349480354e-07 9.587379924285258e-07 
-0.00010226126096227195 1.740177708597912e-07 0.0 -1.959011797225685e-08 -7.190534943213943e-07 -9.513792349480354e-07 9.587379924285258e-07 
-0.00010249857234650994 1.740177708597912e-07 0.0 -2.569014867503938e-07 1.1984224905356572e-06 -1.1910637383039102e-06 -9.587379924285258e-07 
-0.00010249857234650994 1.740177708597912e-07 0.0 -2.569014867503938e-07 1.1984224905356572e-06 -1.1910637383039102e-06 -9.587379924285258e-07 
-0.00010178663819374045 1.740177708597912e-07 0.0 -1.959011797225685e-08 -4.793689962142629e-07 -1.1910637383039102e-06 -4.793689962142629e-07 
-0.00010178663819374045 1.740177708597912e-07 0.0 -1.959011797225685e-08 -4.793689962142629e-07 -1.1910637383039102e-06 -4.793689962142629e-07 
-0.00010226126096227195 1.740177708597912e-07 0.0 -1.959011797225685e-08 -4.793689962142629e-07 -1.1910637383039102e-06 -2.3968449810713145e-07 
-0.00010226126096227195 1.740177708597912e-07 0.0 -1.959011797225685e-08 -4.793689962142629e-07 -1.1910637383039102e-06 -2.3968449810713145e-07 
-0.00010202394957797845 1.740177708597912e-07 0.0 4.550326480057265e-07 1.4381069886427885e-06 -1.4307482274489303e-06 2.3968449810713145e-07 
-0.00010202394957797845 1.740177708597912e-07 0.0 4.550326480057265e-07 1.4381069886427885e-06 -1.4307482274489303e-06 2.3968449810713145e-07 
-0.00010202394957797845 1.740177708597912e-07 2.3731138426448656e-07 -2.569014867503938e-07 1.1984224905356572e-06 -9.513792349480354e-07 -1.1984224905356572e-06 
-0.00010202394957797845 1.740177708597912e-07 2.3731138426448656e-07 -2.569014867503938e-07 1.1984224905356572e-06 -9.513792349480354e-07 -1.1984224905356572e-06 
-0.00010178663819374045 1.740177708597912e-07 0.0 2.1772127922758955e-07 9.587379924285258e-07 -1.4307482274489303e-06 0.0 
-0.00010178663819374045 1.740177708597912e-07 0.0 2.1772127922758955e-07 9.587379924285258e-07 -1.4307482274489303e-06 0.0 
-0.00010202394957797845 1.740177708597912e-07 0.0 -1.2061470329172153e-06 -2.3968449810713145e-07 -1.4307482274489303e-06 -1.67779148674992e-06 
-0.00010202394957797845 1.740177708597912e-07 0.0 -1.2061470329172153e-06 -2.3968449810713145e-07 -1.4307482274489303e-06 -1.67779148674992e-06 
-0.00010178663819374045 1.740177708597912e-07 0.0 -1.959011797225685e-08 -2.3968449810713145e-07 -4.7201024244714063e-07 -4.793689962142629e-07 
-0.00010178663819374045 1.740177708597912e-07 0.0 -1.959011797225685e-08 -2.3968449810713145e-07 -4.7201024244714063e-07 -4.793689962142629e-07 
-0.00010202394957797845 -6.329361212920048e-08 0.0 -1.959011797225685e-08 4.793689962142629e-07 -1.4307482274489303e-06 -2.3968449810713145e-07 
-0.00010202394957797845 -6.329361212920048e-08 0.0 -1.959011797225685e-08 4.793689962142629e-07 -1.4307482274489303e-06 -2.3968449810713145e-07 
-0.00010202394957797845 1.740177708597912e-07 0.0 -1.959011797225685e-08 9.587379924285258e-07 -1.670432730804805e-06 -4.793689962142629e-07 
-0.00010202394957797845 1.740177708597912e-07 0.0 -1.959011797225685e-08 9.587379924285258e-07 -1.670432730804805e-06 -4.793689962142629e-07 
-0.00010154932680944695 1.740177708597912e-07 0.0 -1.959011797225685e-08 2.157160482964183e-06 -1.9101172270552524e-06 2.3968449810713145e-07 
-0.00010154932680944695 1.740177708597912e-07 0.0 -1.959011797225685e-08 2.157160482964183e-06 -1.9101172270552524e-06 2.3968449810713145e-07 
-0.00010226126096227195 1.740177708597912e-07 0.0 4.550326480057265e-07 7.190534943213943e-07 -1.1910637383039102e-06 -9.587379924285258e-07 
-0.00010226126096227195 1.740177708597912e-07 0.0 4.550326480057265e-07 7.190534943213943e-07 -1.1910637383039102e-06 -9.587379924285258e-07 
-0.00010202394957797845 1.740177708597912e-07 0.0 4.550326480057265e-07 4.793689962142629e-07 -1.9101172270552524e-06 -4.793689962142629e-07 
-0.00010202394957797845 1.740177708597912e-07 0.0 4.550326480057265e-07 4.793689962142629e-07 -1.9101172270552524e-06 -4.793689962142629e-07 
-0.00010202394957797845 -6.329361212920048e-08 0.0 4.550326480057265e-07 7.190534943213943e-07 -4.7201024244714063e-07 0.0 
-0.00010202394957797845 -6.329361212920048e-08 0.0 4.550326480057265e-07 7.190534943213943e-07 -4.7201024244714063e-07 0.0 
-0.00010178663819374045 1.740177708597912e-07 0.0 -1.959011797225685e-08 0.0 -1.4307482274489303e-06 -2.157160482964183e-06 
-0.00010178663819374045 1.740177708597912e-07 0.0 -1.959011797225685e-08 0.0 -1.4307482274489303e-06 -2.157160482964183e-06 
-0.00010202394957797845 1.740177708597912e-07 0.0 2.1772127922758955e-07 2.3968449810713145e-07 -9.513792349480354e-07 7.190534943213943e-07 
-0.00010202394957797845 1.740177708597912e-07 0.0 2.1772127922758955e-07 2.3968449810713145e-07 -9.513792349480354e-07 7.190534943213943e-07 
-0.00010202394957797845 1.740177708597912e-07 0.0 -4.942128839502402e-07 1.4381069886427885e-06 -9.513792349480354e-07 4.793689962142629e-07 
-0.00010202394957797845 1.740177708597912e-07 0.0 -4.942128839502402e-07 1.4381069886427885e-06 -9.513792349480354e-07 4.793689962142629e-07 
